[(215,188),(214,189),(212,189),
(211,190),
(209,190),
(208,191),
(206,191),
(205,192),
(203,192),
(202,193),
(200,193),
(199,194),
(197,194),
(196,195),
(192,195),
(191,196),
(187,196),
(186,197),
(181,197),
(180,196),
(177,196),
(176,195),
(174,195),
(173,194),
(171,194),
(170,193),
(167,193),
(166,192),
(162,192),
(161,191),
(141,191),
(140,190),
(122,190),
(121,191),
(108,191),
(107,190),
(106,191),
(94,191),
(93,190),
(84,190),
(83,191),
(72,191),
(71,192),
(67,192),
(66,193),
(62,193),
(60,195),
(59,195),
(57,197),
(56,197),
(55,198),
(52,198),
(51,197),
(41,197),
(40,198),
(33,198),
(32,199),
(31,199),
(27,203),
(27,204),
(26,205),
(26,206),
(25,207),
(25,208),
(23,210),
(23,211),
(12,222),
(12,223),
(11,224),
(11,225),
(10,226),
(10,228),
(9,229),
(9,231),
(8,232),
(8,234),
(7,235),
(7,237),
(6,238),
(6,240),
(5,241),
(5,243),
(4,244),
(4,246),
(3,247),
(3,249),
(2,250),
(2,251),
(1,252),
(1,255),
(0,256),
(0,299),
(1,300),
(1,301),
(2,301),
(4,303),
(5,303),
(7,305),
(8,305),
(9,306),
(10,306),
(15,311),
(15,312),
(16,313),
(16,317),
(15,318),
(14,318),
(13,317),
(7,317),
(6,318),
(3,318),
(2,319),
(1,318),
(1,320),
(0,321),
(0,415),
(415,415),
(415,196),
(413,196),
(412,195),
(411,195),
(409,193),
(398,193),
(397,194),
(394,194),
(393,195),
(390,195),
(389,196),
(387,196),
(386,197),
(384,197),
(383,198),
(381,198),
(380,199),
(379,199),
(378,200),
(377,200),
(376,201),
(375,201),
(374,202),
(373,202),
(372,203),
(370,203),
(369,204),
(367,204),
(366,205),
(363,205),
(362,206),
(358,206),
(357,207),
(353,207),
(352,208),
(350,208),
(349,209),
(347,209),
(346,210),
(345,210),
(344,211),
(342,211),
(340,213),
(339,213),
(338,214),
(337,214),
(336,215),
(335,215),
(334,216),
(333,216),
(332,217),
(329,217),
(328,218),
(318,218),
(317,217),
(315,217),
(313,215),
(312,215),
(311,214),
(310,214),
(309,213),
(307,213),
(306,212),
(301,212),
(300,213),
(299,213),
(298,214),
(297,214),
(296,215),
(295,215),
(294,216),
(293,216),
(292,217),
(290,217),
(289,218),
(283,218),
(282,217),
(281,217),
(276,212),
(276,211),
(275,210),
(275,208),
(273,206),
(273,205),
(272,205),
(267,200),
(266,200),
(259,193),
(258,193),
(257,192),
(256,192),
(255,191),
(254,191),
(253,190),
(252,190),
(251,189),
(249,189),
(248,188),
(243,188),
(242,189),
(235,189),
(234,190),
(225,190),
(224,189),
(220,189),
(219,188)]


[(215,188),(214,189),(212,189),(211,190),(209,190),(208,191),(206,191),(205,192),(203,192),(202,193),(200,193),(199,194),(197,194),(196,195),(192,195),(191,196),(187,196),(186,197),(181,197),(180,196),(177,196),(176,195),(174,195),(173,194),(171,194),(170,193),(167,193),(166,192),(162,192),(161,191),(141,191),(140,190),(122,190),(121,191),(108,191),(107,190),(106,191),(94,191),(93,190),(84,190),(83,191),(72,191),(71,192),(67,192),(66,193),(62,193),(60,195),(59,195),(57,197),(56,197),(55,198),(52,198),(51,197),(41,197),(40,198),(33,198),(32,199),(31,199),(27,203),(27,204),(26,205),(26,206),(25,207),(25,208),(23,210),(23,211),(12,222),(12,223),(11,224),(11,225),(10,226),(10,228),(9,229),(9,231),(8,232),(8,234),(7,235),(7,237),(6,238),(6,240),(5,241),(5,243),(4,244),(4,246),(3,247),(3,249),(2,250),(2,251),(1,252),(1,255),(0,256),(0,299),(1,300),(1,301),(2,301),(4,303),(5,303),(7,305),(8,305),(9,306),(10,306),(15,311),(15,312),(16,313),(16,317),(15,318),(14,318),(13,317),(7,317),(6,318),(3,318),(2,319),(1,318),(1,320),(0,321),(0,415),(415,415),(415,196),(413,196),(412,195),(411,195),(409,193),(398,193),(397,194),(394,194),(393,195),(390,195),(389,196),(387,196),(386,197),(384,197),(383,198),(381,198),(380,199),(379,199),(378,200),(377,200),(376,201),(375,201),(374,202),(373,202),(372,203),(370,203),(369,204),(367,204),(366,205),(363,205),(362,206),(358,206),(357,207),(353,207),(352,208),(350,208),(349,209),(347,209),(346,210),(345,210),(344,211),(342,211),(340,213),(339,213),(338,214),(337,214),(336,215),(335,215),(334,216),(333,216),(332,217),(329,217),(328,218),(318,218),(317,217),(315,217),(313,215),(312,215),(311,214),(310,214),(309,213),(307,213),(306,212),(301,212),(300,213),(299,213),(298,214),(297,214),(296,215),(295,215),(294,216),(293,216),(292,217),(290,217),(289,218),(283,218),(282,217),(281,217),(276,212),(276,211),(275,210),(275,208),(273,206),(273,205),(272,205),(267,200),(266,200),(259,193),(258,193),(257,192),(256,192),(255,191),(254,191),(253,190),(252,190),(251,189),(249,189),(248,188),(243,188),(242,189),(235,189),(234,190),(225,190),(224,189),(220,189),(219,188)]


[(124,175),(123,176),(121,176),(120,177),(116,177),(115,178),(110,178),(109,177),(96,177),(95,178),(92,178),(91,179),(90,179),(89,178),(84,178),(83,179),(79,179),(78,180),(70,180),(69,181),(61,181),(60,182),(58,182),(57,183),(56,183),(54,185),(53,185),(52,186),(50,186),(49,187),(48,186),(38,186),(37,187),(29,187),(28,188),(27,188),(23,192),(23,193),(22,194),(22,195),(21,196),(21,197),(18,200),(18,201),(14,205),(14,206),(13,207),(13,208),(12,209),(12,210),(11,211),(11,214),(10,215),(10,217),(9,218),(9,220),(8,221),(8,223),(7,224),(7,226),(6,227),(6,238),(7,239),(7,240),(9,242),(10,242),(12,244),(12,254),(11,255),(11,258),(10,259),(10,260),(8,262),(7,262),(6,261),(5,261),(4,260),(4,259),(3,258),(1,260),(1,273),(2,272),(3,273),(5,271),(6,271),(8,273),(8,275),(9,276),(9,279),(10,280),(10,283),(11,284),(11,286),(12,287),(12,289),(13,290),(13,294),(14,295),(14,297),(15,298),(15,300),(16,301),(16,302),(17,303),(17,304),(20,307),(20,308),(21,309),(21,310),(22,311),(22,312),(23,313),(23,314),(26,317),(27,317),(28,318),(28,319),(27,320),(26,320),(25,319),(21,319),(20,318),(18,318),(16,316),(15,316),(14,315),(13,315),(12,314),(9,314),(8,315),(6,315),(3,318),(3,324),(2,325),(2,326),(1,327),(1,332),(0,333),(0,339),(1,340),(1,344),(2,345),(2,348),(1,349),(1,351),(0,352),(0,415),(415,415),(415,196),(414,195),(413,196),(409,192),(408,192),(407,191),(397,191),(396,192),(393,192),(392,193),(389,193),(388,194),(386,194),(385,195),(384,195),(383,196),(382,196),(381,197),(380,197),(379,198),(378,198),(377,199),(375,199),(374,200),(373,200),(372,201),(370,201),(369,202),(352,202),(351,203),(345,203),(344,204),(342,204),(341,205),(338,205),(337,206),(336,206),(335,207),(333,207),(332,208),(331,208),(330,209),(326,209),(325,210),(316,210),(315,209),(312,209),(310,207),(309,207),(307,205),(306,205),(305,204),(304,204),(303,203),(301,203),(300,202),(298,202),(297,203),(295,203),(294,204),(293,204),(292,205),(291,205),(290,206),(288,206),(287,207),(285,207),(284,208),(281,208),(280,209),(274,209),(273,208),(270,208),(269,207),(266,207),(265,206),(262,206),(261,205),(258,205),(257,204),(254,204),(253,203),(251,203),(250,202),(249,202),(248,201),(246,201),(245,200),(243,200),(242,199),(241,199),(240,198),(238,198),(237,197),(236,197),(235,196),(233,196),(232,195),(231,195),(230,194),(228,194),(227,193),(226,193),(225,192),(224,192),(223,191),(222,191),(221,190),(220,190),(219,189),(218,189),(217,188),(215,188),(214,187),(212,187),(211,186),(208,186),(207,185),(201,185),(200,184),(194,184),(193,183),(184,183),(183,182),(181,182),(180,181),(175,181),(174,180),(170,180),(169,179),(154,179),(153,178),(151,178),(150,177),(145,177),(144,176),(137,176),(136,175)]




[(175,124),(176,123),(176,121),(177,120),(177,116),(178,115),(178,110),(177,109),(177,96),(178,95),(178,92),(179,91),(179,90),(178,89),(178,84),(179,83),(179,79),(180,78),(180,70),(181,69),(181,61),(182,60),(182,58),(183,57),(183,56),(185,54),(185,53),(186,52),(186,50),(187,49),(186,48),(186,38),(187,37),(187,29),(188,28),(188,27),(192,23),(193,23),(194,22),(195,22),(196,21),(197,21),(200,18),(201,18),(205,14),(206,14),(207,13),(208,13),(209,12),(210,12),(211,11),(214,11),(215,10),(217,10),(218,9),(220,9),(221,8),(223,8),(224,7),(226,7),(227,6),(238,6),(239,7),(240,7),(242,9),(242,10),(244,12),(254,12),(255,11),(258,11),(259,10),(260,10),(262,8),(262,7),(261,6),(261,5),(260,4),(259,4),(258,3),(260,1),(273,1),(272,2),(273,3),(271,5),(271,6),(273,8),(275,8),(276,9),(279,9),(280,10),(283,10),(284,11),(286,11),(287,12),(289,12),(290,13),(294,13),(295,14),(297,14),(298,15),(300,15),(301,16),(302,16),(303,17),(304,17),(307,20),(308,20),(309,21),(310,21),(311,22),(312,22),(313,23),(314,23),(317,26),(317,27),(318,28),(319,28),(320,27),(320,26),(319,25),(319,21),(318,20),(318,18),(316,16),(316,15),(315,14),(315,13),(314,12),(314,9),(315,8),(315,6),(318,3),(324,3),(325,2),(326,2),(327,1),(332,1),(333,0),(339,0),(340,1),(344,1),(345,2),(348,2),(349,1),(351,1),(352,0),(415,0),(415,415),(196,415),(195,414),(196,413),(192,409),(192,408),(191,407),(191,397),(192,396),(192,393),(193,392),(193,389),(194,388),(194,386),(195,385),(195,384),(196,383),(196,382),(197,381),(197,380),(198,379),(198,378),(199,377),(199,375),(200,374),(200,373),(201,372),(201,370),(202,369),(202,352),(203,351),(203,345),(204,344),(204,342),(205,341),(205,338),(206,337),(206,336),(207,335),(207,333),(208,332),(208,331),(209,330),(209,326),(210,325),(210,316),(209,315),(209,312),(207,310),(207,309),(205,307),(205,306),(204,305),(204,304),(203,303),(203,301),(202,300),(202,298),(203,297),(203,295),(204,294),(204,293),(205,292),(205,291),(206,290),(206,288),(207,287),(207,285),(208,284),(208,281),(209,280),(209,274),(208,273),(208,270),(207,269),(207,266),(206,265),(206,262),(205,261),(205,258),(204,257),(204,254),(203,253),(203,251),(202,250),(202,249),(201,248),(201,246),(200,245),(200,243),(199,242),(199,241),(198,240),(198,238),(197,237),(197,236),(196,235),(196,233),(195,232),(195,231),(194,230),(194,228),(193,227),(193,226),(192,225),(192,224),(191,223),(191,222),(190,221),(190,220),(189,219),(189,218),(188,217),(188,215),(187,214),(187,212),(186,211),(186,208),(185,207),(185,201),(184,200),(184,194),(183,193),(183,184),(182,183),(182,181),(181,180),(181,175),(180,174),(180,170),(179,169),(179,154),(178,153),(178,151),(177,150),(177,145),(176,144),(176,137),(175,136)]



[(124,175),(123,176),(121,176),(120,177),(116,177),(115,178),(110,178),(109,177),(96,177),(95,178),(92,178),(91,179),(90,179),(89,178),(84,178),(83,179),(79,179),(78,180),(70,180),(69,181),(61,181),(60,182),(58,182),(57,183),(56,183),(54,185),(53,185),(52,186),(50,186),(49,187),(48,186),(38,186),(37,187),(29,187),(28,188),(27,188),(23,192),(23,193),(22,194),(22,195),(21,196),(21,197),(18,200),(18,201),(14,205),(14,206),(13,207),(13,208),(12,209),(12,210),(11,211),(11,214),(10,215),(10,217),(9,218),(9,220),(8,221),(8,223),(7,224),(7,226),(6,227),(6,238),(7,239),(7,240),(9,242),(10,242),(12,244),(12,254),(11,255),(11,258),(10,259),(10,260),(8,262),(7,262),(6,261),(5,261),(4,260),(4,259),(3,258),(1,260),(1,273),(2,272),(3,273),(5,271),(6,271),(8,273),(8,275),(9,276),(9,279),(10,280),(10,283),(11,284),(11,286),(12,287),(12,289),(13,290),(13,294),(14,295),(14,297),(15,298),(15,300),(16,301),(16,302),(17,303),(17,304),(20,307),(20,308),(21,309),(21,310),(22,311),(22,312),(23,313),(23,314),(26,317),(27,317),(28,318),(28,319),(27,320),(26,320),(25,319),(21,319),(20,318),(18,318),(16,316),(15,316),(14,315),(13,315),(12,314),(9,314),(8,315),(6,315),(3,318),(3,324),(2,325),(2,326),(1,327),(1,332),(0,333),(0,339),(1,340),(1,344),(2,345),(2,348),(1,349),(1,351),(0,352),(0,415),(415,415),(415,196),(414,195),(413,196),(409,192),(408,192),(407,191),(397,191),(396,192),(393,192),(392,193),(389,193),(388,194),(386,194),(385,195),(384,195),(383,196),(382,196),(381,197),(380,197),(379,198),(378,198),(377,199),(375,199),(374,200),(373,200),(372,201),(370,201),(369,202),(352,202),(351,203),(345,203),(344,204),(342,204),(341,205),(338,205),(337,206),(336,206),(335,207),(333,207),(332,208),(331,208),(330,209),(326,209),(325,210),(316,210),(315,209),(312,209),(310,207),(309,207),(307,205),(306,205),(305,204),(304,204),(303,203),(301,203),(300,202),(298,202),(297,203),(295,203),(294,204),(293,204),(292,205),(291,205),(290,206),(288,206),(287,207),(285,207),(284,208),(281,208),(280,209),(274,209),(273,208),(270,208),(269,207),(266,207),(265,206),(262,206),(261,205),(258,205),(257,204),(254,204),(253,203),(251,203),(250,202),(249,202),(248,201),(246,201),(245,200),(243,200),(242,199),(241,199),(240,198),(238,198),(237,197),(236,197),(235,196),(233,196),(232,195),(231,195),(230,194),(228,194),(227,193),(226,193),(225,192),(224,192),(223,191),(222,191),(221,190),(220,190),(219,189),(218,189),(217,188),(215,188),(214,187),(212,187),(211,186),(208,186),(207,185),(201,185),(200,184),(194,184),(193,183),(184,183),(183,182),(181,182),(180,181),(175,181),(174,180),(170,180),(169,179),(154,179),(153,178),(151,178),(150,177),(145,177),(144,176),(137,176),(136,175)]



[(124,175),(123,176),(121,176),(120,177),(116,177),(115,178),(110,178),(109,177),(96,177),(95,178),(92,178),(91,179),(90,179),(89,178),(84,178),(83,179),(79,179),(78,180),(70,180),(69,181),(61,181),(60,182),(58,182),(57,183),(56,183),(54,185),(53,185),(52,186),(50,186),(49,187),(48,186),(38,186),(37,187),(29,187),(28,188),(27,188),(23,192),(23,193),(22,194),(22,195),(21,196),(21,197),(18,200),(18,201),(14,205),(14,206),(13,207),(13,208),(12,209),(12,210),(11,211),(11,214),(10,215),(10,217),(9,218),(9,220),(8,221),(8,223),(7,224),(7,226),(6,227),(6,238),(7,239),(7,240),(9,242),(10,242),(12,244),(12,254),(11,255),(11,258),(10,259),(10,260),(8,262),(7,262),(6,261),(5,261),(4,260),(4,259),(3,258),(1,260),(1,273),(2,272),(3,273),(5,271),(6,271),(8,273),(8,275),(9,276),(9,279),(10,280),(10,283),(11,284),(11,286),(12,287),(12,289),(13,290),(13,294),(14,295),(14,297),(15,298),(15,300),(16,301),(16,302),(17,303),(17,304),(20,307),(20,308),(21,309),(21,310),(22,311),(22,312),(23,313),(23,314),(26,317),(27,317),(28,318),(28,319),(27,320),(26,320),(25,319),(21,319),(20,318),(18,318),(16,316),(15,316),(14,315),(13,315),(12,314),(9,314),(8,315),(6,315),(3,318),(3,324),(2,325),(2,326),(1,327),(1,332),(0,333),(0,339),(1,340),(1,344),(2,345),(2,348),(1,349),(1,351),(0,352),(0,415),(415,415),(415,196),(414,195),(413,196),(409,192),(408,192),(407,191),(397,191),(396,192),(393,192),(392,193),(389,193),(388,194),(386,194),(385,195),(384,195),(383,196),(382,196),(381,197),(380,197),(379,198),(378,198),(377,199),(375,199),(374,200),(373,200),(372,201),(370,201),(369,202),(352,202),(351,203),(345,203),(344,204),(342,204),(341,205),(338,205),(337,206),(336,206),(335,207),(333,207),(332,208),(331,208),(330,209),(326,209),(325,210),(316,210),(315,209),(312,209),(310,207),(309,207),(307,205),(306,205),(305,204),(304,204),(303,203),(301,203),(300,202),(298,202),(297,203),(295,203),(294,204),(293,204),(292,205),(291,205),(290,206),(288,206),(287,207),(285,207),(284,208),(281,208),(280,209),(274,209),(273,208),(270,208),(269,207),(266,207),(265,206),(262,206),(261,205),(258,205),(257,204),(254,204),(253,203),(251,203),(250,202),(249,202),(248,201),(246,201),(245,200),(243,200),(242,199),(241,199),(240,198),(238,198),(237,197),(236,197),(235,196),(233,196),(232,195),(231,195),(230,194),(228,194),(227,193),(226,193),(225,192),(224,192),(223,191),(222,191),(221,190),(220,190),(219,189),(218,189),(217,188),(215,188),(214,187),(212,187),(211,186),(208,186),(207,185),(201,185),(200,184),(194,184),(193,183),(184,183),(183,182),(181,182),(180,181),(175,181),(174,180),(170,180),(169,179),(154,179),(153,178),(151,178),(150,177),(145,177),(144,176),(137,176),(136,175),(0,416),(1,416),(2,416),(3,416),(4,416),(5,416),(6,416),(7,416),(8,416),(9,416),(10,416),(11,416),(12,416),(13,416),(14,416),(15,416),(16,416),(17,416),(18,416),(19,416),(20,416),(21,416),(22,416),(23,416),(24,416),(25,416),(26,416),(27,416),(28,416),(29,416),(30,416),(31,416),(32,416),(33,416),(34,416),(35,416),(36,416),(37,416),(38,416),(39,416),(40,416),(41,416),(42,416),(43,416),(44,416),(45,416),(46,416),(47,416),(48,416),(49,416),(50,416),(51,416),(52,416),(53,416),(54,416),(55,416),(56,416),(57,416),(58,416),(59,416),(60,416),(61,416),(62,416),(63,416),(64,416),(65,416),(66,416),(67,416),(68,416),(69,416),(70,416),(71,416),(72,416),(73,416),(74,416),(75,416),(76,416),(77,416),(78,416),(79,416),(80,416),(81,416),(82,416),(83,416),(84,416),(85,416),(86,416),(87,416),(88,416),(89,416),(90,416),(91,416),(92,416),(93,416),(94,416),(95,416),(96,416),(97,416),(98,416),(99,416),(100,416),(101,416),(102,416),(103,416),(104,416),(105,416),(106,416),(107,416),(108,416),(109,416),(110,416),(111,416),(112,416),(113,416),(114,416),(115,416),(116,416),(117,416),(118,416),(119,416),(120,416),(121,416),(122,416),(123,416),(124,416),(125,416),(126,416),(127,416),(128,416),(129,416),(130,416),(131,416),(132,416),(133,416),(134,416),(135,416),(136,416),(137,416),(138,416),(139,416),(140,416),(141,416),(142,416),(143,416),(144,416),(145,416),(146,416),(147,416),(148,416),(149,416),(150,416),(151,416),(152,416),(153,416),(154,416),(155,416),(156,416),(157,416),(158,416),(159,416),(160,416),(161,416),(162,416),(163,416),(164,416),(165,416),(166,416),(167,416),(168,416),(169,416),(170,416),(171,416),(172,416),(173,416),(174,416),(175,416),(176,416),(177,416),(178,416),(179,416),(180,416),(181,416),(182,416),(183,416),(184,416),(185,416),(186,416),(187,416),(188,416),(189,416),(190,416),(191,416),(192,416),(193,416),(194,416),(195,416),(196,416),(197,416),(198,416),(199,416),(200,416),(201,416),(202,416),(203,416),(204,416),(205,416),(206,416),(207,416),(208,416),(209,416),(210,416),(211,416),(212,416),(213,416),(214,416),(215,416),(216,416),(217,416),(218,416),(219,416),(220,416),(221,416),(222,416),(223,416),(224,416),(225,416),(226,416),(227,416),(228,416),(229,416),(230,416),(231,416),(232,416),(233,416),(234,416),(235,416),(236,416),(237,416),(238,416),(239,416),(240,416),(241,416),(242,416),(243,416),(244,416),(245,416),(246,416),(247,416),(248,416),(249,416),(250,416),(251,416),(252,416),(253,416),(254,416),(255,416),(256,416),(257,416),(258,416),(259,416),(260,416),(261,416),(262,416),(263,416),(264,416),(265,416),(266,416),(267,416),(268,416),(269,416),(270,416),(271,416),(272,416),(273,416),(274,416),(275,416),(276,416),(277,416),(278,416),(279,416),(280,416),(281,416),(282,416),(283,416),(284,416),(285,416),(286,416),(287,416),(288,416),(289,416),(290,416),(291,416),(292,416),(293,416),(294,416),(295,416),(296,416),(297,416),(298,416),(299,416),(300,416),(301,416),(302,416),(303,416),(304,416),(305,416),(306,416),(307,416),(308,416),(309,416),(310,416),(311,416),(312,416),(313,416),(314,416),(315,416),(316,416),(317,416),(318,416),(319,416),(320,416),(321,416),(322,416),(323,416),(324,416),(325,416),(326,416),(327,416),(328,416),(329,416),(330,416),(331,416),(332,416),(333,416),(334,416),(335,416),(336,416),(337,416),(338,416),(339,416),(340,416),(341,416),(342,416),(343,416),(344,416),(345,416),(346,416),(347,416),(348,416),(349,416),(350,416),(351,416),(352,416),(353,416),(354,416),(355,416),(356,416),(357,416),(358,416),(359,416),(360,416),(361,416),(362,416),(363,416),(364,416),(365,416),(366,416),(367,416),(368,416),(369,416),(370,416),(371,416),(372,416),(373,416),(374,416),(375,416),(376,416),(377,416),(378,416),(379,416),(380,416),(381,416),(382,416),(383,416),(384,416),(385,416),(386,416),(387,416),(388,416),(389,416),(390,416),(391,416),(392,416),(393,416),(394,416),(395,416),(396,416),(397,416),(398,416),(399,416),(400,416),(401,416),(402,416),(403,416),(404,416),(405,416),(406,416),(407,416),(408,416),(409,416),(410,416),(411,416),(412,416),(413,416),(414,416),(415,416),(416,416)]



[(124,175),(123,176),(121,176),(120,177),(116,177),(115,178),(110,178),(109,177),(96,177),(95,178),(92,178),(91,179),(90,179),(89,178),(84,178),(83,179),(79,179),(78,180),(70,180),(69,181),(61,181),(60,182),(58,182),(57,183),(56,183),(54,185),(53,185),(52,186),(50,186),(49,187),(48,186),(38,186),(37,187),(29,187),(28,188),(27,188),(23,192),(23,193),(22,194),(22,195),(21,196),(21,197),(18,200),(18,201),(14,205),(14,206),(13,207),(13,208),(12,209),(12,210),(11,211),(11,214),(10,215),(10,217),(9,218),(9,220),(8,221),(8,223),(7,224),(7,226),(6,227),(6,238),(7,239),(7,240),(9,242),(10,242),(12,244),(12,254),(11,255),(11,258),(10,259),(10,260),(8,262),(7,262),(6,261),(5,261),(4,260),(4,259),(3,258),(1,260),(1,273),(2,272),(3,273),(5,271),(6,271),(8,273),(8,275),(9,276),(9,279),(10,280),(10,283),(11,284),(11,286),(12,287),(12,289),(13,290),(13,294),(14,295),(14,297),(15,298),(15,300),(16,301),(16,302),(17,303),(17,304),(20,307),(20,308),(21,309),(21,310),(22,311),(22,312),(23,313),(23,314),(26,317),(27,317),(28,318),(28,319),(27,320),(26,320),(25,319),(21,319),(20,318),(18,318),(16,316),(15,316),(14,315),(13,315),(12,314),(9,314),(8,315),(6,315),(3,318),(3,324),(2,325),(2,326),(1,327),(1,332),(0,333),(0,339),(1,340),(1,344),(2,345),(2,348),(1,349),(1,351),(0,352),(0,415),(415,415),(415,196),(414,195),(413,196),(409,192),(408,192),(407,191),(397,191),(396,192),(393,192),(392,193),(389,193),(388,194),(386,194),(385,195),(384,195),(383,196),(382,196),(381,197),(380,197),(379,198),(378,198),(377,199),(375,199),(374,200),(373,200),(372,201),(370,201),(369,202),(352,202),(351,203),(345,203),(344,204),(342,204),(341,205),(338,205),(337,206),(336,206),(335,207),(333,207),(332,208),(331,208),(330,209),(326,209),(325,210),(316,210),(315,209),(312,209),(310,207),(309,207),(307,205),(306,205),(305,204),(304,204),(303,203),(301,203),(300,202),(298,202),(297,203),(295,203),(294,204),(293,204),(292,205),(291,205),(290,206),(288,206),(287,207),(285,207),(284,208),(281,208),(280,209),(274,209),(273,208),(270,208),(269,207),(266,207),(265,206),(262,206),(261,205),(258,205),(257,204),(254,204),(253,203),(251,203),(250,202),(249,202),(248,201),(246,201),(245,200),(243,200),(242,199),(241,199),(240,198),(238,198),(237,197),(236,197),(235,196),(233,196),(232,195),(231,195),(230,194),(228,194),(227,193),(226,193),(225,192),(224,192),(223,191),(222,191),(221,190),(220,190),(219,189),(218,189),(217,188),(215,188),(214,187),(212,187),(211,186),(208,186),(207,185),(201,185),(200,184),(194,184),(193,183),(184,183),(183,182),(181,182),(180,181),(175,181),(174,180),(170,180),(169,179),(154,179),(153,178),(151,178),(150,177),(145,177),(144,176),(137,176),(136,175),(0,416),(1,416),(2,416),(3,416),(4,416),(5,416),(6,416),(7,416),(8,416),(9,416),(10,416),(11,416),(12,416),(13,416),(14,416),(15,416),(16,416),(17,416),(18,416),(19,416),(20,416),(21,416),(22,416),(23,416),(24,416),(25,416),(26,416),(27,416),(28,416),(29,416),(30,416),(31,416),(32,416),(33,416),(34,416),(35,416),(36,416),(37,416),(38,416),(39,416),(40,416),(41,416),(42,416),(43,416),(44,416),(45,416),(46,416),(47,416),(48,416),(49,416),(50,416),(51,416),(52,416),(53,416),(54,416),(55,416),(56,416),(57,416),(58,416),(59,416),(60,416),(61,416),(62,416),(63,416),(64,416),(65,416),(66,416),(67,416),(68,416),(69,416),(70,416),(71,416),(72,416),(73,416),(74,416),(75,416),(76,416),(77,416),(78,416),(79,416),(80,416),(81,416),(82,416),(83,416),(84,416),(85,416),(86,416),(87,416),(88,416),(89,416),(90,416),(91,416),(92,416),(93,416),(94,416),(95,416),(96,416),(97,416),(98,416),(99,416),(100,416),(101,416),(102,416),(103,416),(104,416),(105,416),(106,416),(107,416),(108,416),(109,416),(110,416),(111,416),(112,416),(113,416),(114,416),(115,416),(116,416),(117,416),(118,416),(119,416),(120,416),(121,416),(122,416),(123,416),(124,416),(125,416),(126,416),(127,416),(128,416),(129,416),(130,416),(131,416),(132,416),(133,416),(134,416),(135,416),(136,416),(137,416),(138,416),(139,416),(140,416),(141,416),(142,416),(143,416),(144,416),(145,416),(146,416),(147,416),(148,416),(149,416),(150,416),(151,416),(152,416),(153,416),(154,416),(155,416),(156,416),(157,416),(158,416),(159,416),(160,416),(161,416),(162,416),(163,416),(164,416),(165,416),(166,416),(167,416),(168,416),(169,416),(170,416),(171,416),(172,416),(173,416),(174,416),(175,416),(176,416),(177,416),(178,416),(179,416),(180,416),(181,416),(182,416),(183,416),(184,416),(185,416),(186,416),(187,416),(188,416),(189,416),(190,416),(191,416),(192,416),(193,416),(194,416),(195,416),(196,416),(197,416),(198,416),(199,416),(200,416),(201,416),(202,416),(203,416),(204,416),(205,416),(206,416),(207,416),(208,416),(209,416),(210,416),(211,416),(212,416),(213,416),(214,416),(215,416),(216,416),(217,416),(218,416),(219,416),(220,416),(221,416),(222,416),(223,416),(224,416),(225,416),(226,416),(227,416),(228,416),(229,416),(230,416),(231,416),(232,416),(233,416),(234,416),(235,416),(236,416),(237,416),(238,416),(239,416),(240,416),(241,416),(242,416),(243,416),(244,416),(245,416),(246,416),(247,416),(248,416),(249,416),(250,416),(251,416),(252,416),(253,416),(254,416),(255,416),(256,416),(257,416),(258,416),(259,416),(260,416),(261,416),(262,416),(263,416),(264,416),(265,416),(266,416),(267,416),(268,416),(269,416),(270,416),(271,416),(272,416),(273,416),(274,416),(275,416),(276,416),(277,416),(278,416),(279,416),(280,416),(281,416),(282,416),(283,416),(284,416),(285,416),(286,416),(287,416),(288,416),(289,416),(290,416),(291,416),(292,416),(293,416),(294,416),(295,416),(296,416),(297,416),(298,416),(299,416),(300,416),(301,416),(302,416),(303,416),(304,416),(305,416),(306,416),(307,416),(308,416),(309,416),(310,416),(311,416),(312,416),(313,416),(314,416),(315,416),(316,416),(317,416),(318,416),(319,416),(320,416),(321,416),(322,416),(323,416),(324,416),(325,416),(326,416),(327,416),(328,416),(329,416),(330,416),(331,416),(332,416),(333,416),(334,416),(335,416),(336,416),(337,416),(338,416),(339,416),(340,416),(341,416),(342,416),(343,416),(344,416),(345,416),(346,416),(347,416),(348,416),(349,416),(350,416),(351,416),(352,416),(353,416),(354,416),(355,416),(356,416),(357,416),(358,416),(359,416),(360,416),(361,416),(362,416),(363,416),(364,416),(365,416),(366,416),(367,416),(368,416),(369,416),(370,416),(371,416),(372,416),(373,416),(374,416),(375,416),(376,416),(377,416),(378,416),(379,416),(380,416),(381,416),(382,416),(383,416),(384,416),(385,416),(386,416),(387,416),(388,416),(389,416),(390,416),(391,416),(392,416),(393,416),(394,416),(395,416),(396,416),(397,416),(398,416),(399,416),(400,416),(401,416),(402,416),(403,416),(404,416),(405,416),(406,416),(407,416),(408,416),(409,416),(410,416),(411,416),(412,416),(413,416),(414,416),(415,416),(416,416)]



[(124,175),(123,176),(121,176),(120,177),(116,177),(115,178),(110,178),(109,177),(96,177),(95,178),(92,178),(91,179),(90,179),(89,178),(84,178),(83,179),(79,179),(78,180),(70,180),(69,181),(61,181),(60,182),(58,182),(57,183),(56,183),(54,185),(53,185),(52,186),(50,186),(49,187),(48,186),(38,186),(37,187),(29,187),(28,188),(27,188),(23,192),(23,193),(22,194),(22,195),(21,196),(21,197),(18,200),(18,201),(14,205),(14,206),(13,207),(13,208),(12,209),(12,210),(11,211),(11,214),(10,215),(10,217),(9,218),(9,220),(8,221),(8,223),(7,224),(7,226),(6,227),(6,238),(7,239),(7,240),(9,242),(10,242),(12,244),(12,254),(11,255),(11,258),(10,259),(10,260),(8,262),(7,262),(6,261),(5,261),(4,260),(4,259),(3,258),(1,260),(1,273),(2,272),(3,273),(5,271),(6,271),(8,273),(8,275),(9,276),(9,279),(10,280),(10,283),(11,284),(11,286),(12,287),(12,289),(13,290),(13,294),(14,295),(14,297),(15,298),(15,300),(16,301),(16,302),(17,303),(17,304),(20,307),(20,308),(21,309),(21,310),(22,311),(22,312),(23,313),(23,314),(26,317),(27,317),(28,318),(28,319),(27,320),(26,320),(25,319),(21,319),(20,318),(18,318),(16,316),(15,316),(14,315),(13,315),(12,314),(9,314),(8,315),(6,315),(3,318),(3,324),(2,325),(2,326),(1,327),(1,332),(0,333),(0,339),(1,340),(1,344),(2,345),(2,348),(1,349),(1,351),(0,352),(0,415),(415,415),(415,196),(414,195),(413,196),(409,192),(408,192),(407,191),(397,191),(396,192),(393,192),(392,193),(389,193),(388,194),(386,194),(385,195),(384,195),(383,196),(382,196),(381,197),(380,197),(379,198),(378,198),(377,199),(375,199),(374,200),(373,200),(372,201),(370,201),(369,202),(352,202),(351,203),(345,203),(344,204),(342,204),(341,205),(338,205),(337,206),(336,206),(335,207),(333,207),(332,208),(331,208),(330,209),(326,209),(325,210),(316,210),(315,209),(312,209),(310,207),(309,207),(307,205),(306,205),(305,204),(304,204),(303,203),(301,203),(300,202),(298,202),(297,203),(295,203),(294,204),(293,204),(292,205),(291,205),(290,206),(288,206),(287,207),(285,207),(284,208),(281,208),(280,209),(274,209),(273,208),(270,208),(269,207),(266,207),(265,206),(262,206),(261,205),(258,205),(257,204),(254,204),(253,203),(251,203),(250,202),(249,202),(248,201),(246,201),(245,200),(243,200),(242,199),(241,199),(240,198),(238,198),(237,197),(236,197),(235,196),(233,196),(232,195),(231,195),(230,194),(228,194),(227,193),(226,193),(225,192),(224,192),(223,191),(222,191),(221,190),(220,190),(219,189),(218,189),(217,188),(215,188),(214,187),(212,187),(211,186),(208,186),(207,185),(201,185),(200,184),(194,184),(193,183),(184,183),(183,182),(181,182),(180,181),(175,181),(174,180),(170,180),(169,179),(154,179),(153,178),(151,178),(150,177),(145,177),(144,176),(137,176),(136,175),(0,416),(1,416),(2,416),(3,416),(4,416),(5,416),(6,416),(7,416),(8,416),(9,416),(10,416),(11,416),(12,416),(13,416),(14,416),(15,416),(16,416),(17,416),(18,416),(19,416),(20,416),(21,416),(22,416),(23,416),(24,416),(25,416),(26,416),(27,416),(28,416),(29,416),(30,416),(31,416),(32,416),(33,416),(34,416),(35,416),(36,416),(37,416),(38,416),(39,416),(40,416),(41,416),(42,416),(43,416),(44,416),(45,416),(46,416),(47,416),(48,416),(49,416),(50,416),(51,416),(52,416),(53,416),(54,416),(55,416),(56,416),(57,416),(58,416),(59,416),(60,416),(61,416),(62,416),(63,416),(64,416),(65,416),(66,416),(67,416),(68,416),(69,416),(70,416),(71,416),(72,416),(73,416),(74,416),(75,416),(76,416),(77,416),(78,416),(79,416),(80,416),(81,416),(82,416),(83,416),(84,416),(85,416),(86,416),(87,416),(88,416),(89,416),(90,416),(91,416),(92,416),(93,416),(94,416),(95,416),(96,416),(97,416),(98,416),(99,416),(100,416),(101,416),(102,416),(103,416),(104,416),(105,416),(106,416),(107,416),(108,416),(109,416),(110,416),(111,416),(112,416),(113,416),(114,416),(115,416),(116,416),(117,416),(118,416),(119,416),(120,416),(121,416),(122,416),(123,416),(124,416),(125,416),(126,416),(127,416),(128,416),(129,416),(130,416),(131,416),(132,416),(133,416),(134,416),(135,416),(136,416),(137,416),(138,416),(139,416),(140,416),(141,416),(142,416),(143,416),(144,416),(145,416),(146,416),(147,416),(148,416),(149,416),(150,416),(151,416),(152,416),(153,416),(154,416),(155,416),(156,416),(157,416),(158,416),(159,416),(160,416),(161,416),(162,416),(163,416),(164,416),(165,416),(166,416),(167,416),(168,416),(169,416),(170,416),(171,416),(172,416),(173,416),(174,416),(175,416),(176,416),(177,416),(178,416),(179,416),(180,416),(181,416),(182,416),(183,416),(184,416),(185,416),(186,416),(187,416),(188,416),(189,416),(190,416),(191,416),(192,416),(193,416),(194,416),(195,416),(196,416),(197,416),(198,416),(199,416),(200,416),(201,416),(202,416),(203,416),(204,416),(205,416),(206,416),(207,416),(208,416),(209,416),(210,416),(211,416),(212,416),(213,416),(214,416),(215,416),(216,416),(217,416),(218,416),(219,416),(220,416),(221,416),(222,416),(223,416),(224,416),(225,416),(226,416),(227,416),(228,416),(229,416),(230,416),(231,416),(232,416),(233,416),(234,416),(235,416),(236,416),(237,416),(238,416),(239,416),(240,416),(241,416),(242,416),(243,416),(244,416),(245,416),(246,416),(247,416),(248,416),(249,416),(250,416),(251,416),(252,416),(253,416),(254,416),(255,416),(256,416),(257,416),(258,416),(259,416),(260,416),(261,416),(262,416),(263,416),(264,416),(265,416),(266,416),(267,416),(268,416),(269,416),(270,416),(271,416),(272,416),(273,416),(274,416),(275,416),(276,416),(277,416),(278,416),(279,416),(280,416),(281,416),(282,416),(283,416),(284,416),(285,416),(286,416),(287,416),(288,416),(289,416),(290,416),(291,416),(292,416),(293,416),(294,416),(295,416),(296,416),(297,416),(298,416),(299,416),(300,416),(301,416),(302,416),(303,416),(304,416),(305,416),(306,416),(307,416),(308,416),(309,416),(310,416),(311,416),(312,416),(313,416),(314,416),(315,416),(316,416),(317,416),(318,416),(319,416),(320,416),(321,416),(322,416),(323,416),(324,416),(325,416),(326,416),(327,416),(328,416),(329,416),(330,416),(331,416),(332,416),(333,416),(334,416),(335,416),(336,416),(337,416),(338,416),(339,416),(340,416),(341,416),(342,416),(343,416),(344,416),(345,416),(346,416),(347,416),(348,416),(349,416),(350,416),(351,416),(352,416),(353,416),(354,416),(355,416),(356,416),(357,416),(358,416),(359,416),(360,416),(361,416),(362,416),(363,416),(364,416),(365,416),(366,416),(367,416),(368,416),(369,416),(370,416),(371,416),(372,416),(373,416),(374,416),(375,416),(376,416),(377,416),(378,416),(379,416),(380,416),(381,416),(382,416),(383,416),(384,416),(385,416),(386,416),(387,416),(388,416),(389,416),(390,416),(391,416),(392,416),(393,416),(394,416),(395,416),(396,416),(397,416),(398,416),(399,416),(400,416),(401,416),(402,416),(403,416),(404,416),(405,416),(406,416),(407,416),(408,416),(409,416),(410,416),(411,416),(412,416),(413,416),(414,416),(415,416),(416,416),(0,416),(0,415)]


[(124,175),(123,176),(121,176),(120,177),(116,177),(115,178),(110,178),(109,177),(96,177),(95,178),(92,178),(91,179),(90,179),(89,178),(84,178),(83,179),(79,179),(78,180),(70,180),(69,181),(61,181),(60,182),(58,182),(57,183),(56,183),(54,185),(53,185),(52,186),(50,186),(49,187),(48,186),(38,186),(37,187),(29,187),(28,188),(27,188),(23,192),(23,193),(22,194),(22,195),(21,196),(21,197),(18,200),(18,201),(14,205),(14,206),(13,207),(13,208),(12,209),(12,210),(11,211),(11,214),(10,215),(10,217),(9,218),(9,220),(8,221),(8,223),(7,224),(7,226),(6,227),(6,238),(7,239),(7,240),(9,242),(10,242),(12,244),(12,254),(11,255),(11,258),(10,259),(10,260),(8,262),(7,262),(6,261),(5,261),(4,260),(4,259),(3,258),(1,260),(1,273),(2,272),(3,273),(5,271),(6,271),(8,273),(8,275),(9,276),(9,279),(10,280),(10,283),(11,284),(11,286),(12,287),(12,289),(13,290),(13,294),(14,295),(14,297),(15,298),(15,300),(16,301),(16,302),(17,303),(17,304),(20,307),(20,308),(21,309),(21,310),(22,311),(22,312),(23,313),(23,314),(26,317),(27,317),(28,318),(28,319),(27,320),(26,320),(25,319),(21,319),(20,318),(18,318),(16,316),(15,316),(14,315),(13,315),(12,314),(9,314),(8,315),(6,315),(3,318),(3,324),(2,325),(2,326),(1,327),(1,332),(0,333),(0,339),(1,340),(1,344),(2,345),(2,348),(1,349),(1,351),(0,352),(0,415),(415,415),(415,196),(414,195),(413,196),(409,192),(408,192),(407,191),(397,191),(396,192),(393,192),(392,193),(389,193),(388,194),(386,194),(385,195),(384,195),(383,196),(382,196),(381,197),(380,197),(379,198),(378,198),(377,199),(375,199),(374,200),(373,200),(372,201),(370,201),(369,202),(352,202),(351,203),(345,203),(344,204),(342,204),(341,205),(338,205),(337,206),(336,206),(335,207),(333,207),(332,208),(331,208),(330,209),(326,209),(325,210),(316,210),(315,209),(312,209),(310,207),(309,207),(307,205),(306,205),(305,204),(304,204),(303,203),(301,203),(300,202),(298,202),(297,203),(295,203),(294,204),(293,204),(292,205),(291,205),(290,206),(288,206),(287,207),(285,207),(284,208),(281,208),(280,209),(274,209),(273,208),(270,208),(269,207),(266,207),(265,206),(262,206),(261,205),(258,205),(257,204),(254,204),(253,203),(251,203),(250,202),(249,202),(248,201),(246,201),(245,200),(243,200),(242,199),(241,199),(240,198),(238,198),(237,197),(236,197),(235,196),(233,196),(232,195),(231,195),(230,194),(228,194),(227,193),(226,193),(225,192),(224,192),(223,191),(222,191),(221,190),(220,190),(219,189),(218,189),(217,188),(215,188),(214,187),(212,187),(211,186),(208,186),(207,185),(201,185),(200,184),(194,184),(193,183),(184,183),(183,182),(181,182),(180,181),(175,181),(174,180),(170,180),(169,179),(154,179),(153,178),(151,178),(150,177),(145,177),(144,176),(137,176),(136,175),(0,416),(1,416),(2,416),(3,416),(4,416),(5,416),(6,416),(7,416),(8,416),(9,416),(10,416),(11,416),(12,416),(13,416),(14,416),(15,416),(16,416),(17,416),(18,416),(19,416),(20,416),(21,416),(22,416),(23,416),(24,416),(25,416),(26,416),(27,416),(28,416),(29,416),(30,416),(31,416),(32,416),(33,416),(34,416),(35,416),(36,416),(37,416),(38,416),(39,416),(40,416),(41,416),(42,416),(43,416),(44,416),(45,416),(46,416),(47,416),(48,416),(49,416),(50,416),(51,416),(52,416),(53,416),(54,416),(55,416),(56,416),(57,416),(58,416),(59,416),(60,416),(61,416),(62,416),(63,416),(64,416),(65,416),(66,416),(67,416),(68,416),(69,416),(70,416),(71,416),(72,416),(73,416),(74,416),(75,416),(76,416),(77,416),(78,416),(79,416),(80,416),(81,416),(82,416),(83,416),(84,416),(85,416),(86,416),(87,416),(88,416),(89,416),(90,416),(91,416),(92,416),(93,416),(94,416),(95,416),(96,416),(97,416),(98,416),(99,416),(100,416),(101,416),(102,416),(103,416),(104,416),(105,416),(106,416),(107,416),(108,416),(109,416),(110,416),(111,416),(112,416),(113,416),(114,416),(115,416),(116,416),(117,416),(118,416),(119,416),(120,416),(121,416),(122,416),(123,416),(124,416),(125,416),(126,416),(127,416),(128,416),(129,416),(130,416),(131,416),(132,416),(133,416),(134,416),(135,416),(136,416),(137,416),(138,416),(139,416),(140,416),(141,416),(142,416),(143,416),(144,416),(145,416),(146,416),(147,416),(148,416),(149,416),(150,416),(151,416),(152,416),(153,416),(154,416),(155,416),(156,416),(157,416),(158,416),(159,416),(160,416),(161,416),(162,416),(163,416),(164,416),(165,416),(166,416),(167,416),(168,416),(169,416),(170,416),(171,416),(172,416),(173,416),(174,416),(175,416),(176,416),(177,416),(178,416),(179,416),(180,416),(181,416),(182,416),(183,416),(184,416),(185,416),(186,416),(187,416),(188,416),(189,416),(190,416),(191,416),(192,416),(193,416),(194,416),(195,416),(196,416),(197,416),(198,416),(199,416),(200,416),(201,416),(202,416),(203,416),(204,416),(205,416),(206,416),(207,416),(208,416),(209,416),(210,416),(211,416),(212,416),(213,416),(214,416),(215,416),(216,416),(217,416),(218,416),(219,416),(220,416),(221,416),(222,416),(223,416),(224,416),(225,416),(226,416),(227,416),(228,416),(229,416),(230,416),(231,416),(232,416),(233,416),(234,416),(235,416),(236,416),(237,416),(238,416),(239,416),(240,416),(241,416),(242,416),(243,416),(244,416),(245,416),(246,416),(247,416),(248,416),(249,416),(250,416),(251,416),(252,416),(253,416),(254,416),(255,416),(256,416),(257,416),(258,416),(259,416),(260,416),(261,416),(262,416),(263,416),(264,416),(265,416),(266,416),(267,416),(268,416),(269,416),(270,416),(271,416),(272,416),(273,416),(274,416),(275,416),(276,416),(277,416),(278,416),(279,416),(280,416),(281,416),(282,416),(283,416),(284,416),(285,416),(286,416),(287,416),(288,416),(289,416),(290,416),(291,416),(292,416),(293,416),(294,416),(295,416),(296,416),(297,416),(298,416),(299,416),(300,416),(301,416),(302,416),(303,416),(304,416),(305,416),(306,416),(307,416),(308,416),(309,416),(310,416),(311,416),(312,416),(313,416),(314,416),(315,416),(316,416),(317,416),(318,416),(319,416),(320,416),(321,416),(322,416),(323,416),(324,416),(325,416),(326,416),(327,416),(328,416),(329,416),(330,416),(331,416),(332,416),(333,416),(334,416),(335,416),(336,416),(337,416),(338,416),(339,416),(340,416),(341,416),(342,416),(343,416),(344,416),(345,416),(346,416),(347,416),(348,416),(349,416),(350,416),(351,416),(352,416),(353,416),(354,416),(355,416),(356,416),(357,416),(358,416),(359,416),(360,416),(361,416),(362,416),(363,416),(364,416),(365,416),(366,416),(367,416),(368,416),(369,416),(370,416),(371,416),(372,416),(373,416),(374,416),(375,416),(376,416),(377,416),(378,416),(379,416),(380,416),(381,416),(382,416),(383,416),(384,416),(385,416),(386,416),(387,416),(388,416),(389,416),(390,416),(391,416),(392,416),(393,416),(394,416),(395,416),(396,416),(397,416),(398,416),(399,416),(400,416),(401,416),(402,416),(403,416),(404,416),(405,416),(406,416),(407,416),(408,416),(409,416),(410,416),(411,416),(412,416),(413,416),(414,416),(415,416),(416,416),(0,414),(0,413),(0,412),(0,411),(0,410),(0,409),(0,408),(0,407),(0,406),(0,405),(0,404),(0,403),(0,402),(0,401),(0,400),(0,399),(0,398),(0,397),(0,396),(0,395),(0,394),(0,393),(0,392),(0,391),(0,390),(0,389),(0,388),(0,387),(0,386),(0,385),(0,384),(0,383),(0,382),(0,381),(0,380),(0,379),(0,378),(0,377),(0,376),(0,375),(0,374),(0,373),(0,372),(0,371),(0,370),(0,369),(0,368),(0,367),(0,366),(0,365),(0,364),(0,363),(0,362),(0,361),(0,360),(0,359),(0,358),(0,357),(0,356),(0,355),(0,354),(0,353)]


[(124,175),(123,176),(121,176),(120,177),(116,177),(115,178),(110,178),(109,177),(96,177),(95,178),(92,178),(91,179),(90,179),(89,178),(84,178),(83,179),(79,179),(78,180),(70,180),(69,181),(61,181),(60,182),(58,182),(57,183),(56,183),(54,185),(53,185),(52,186),(50,186),(49,187),(48,186),(38,186),(37,187),(29,187),(28,188),(27,188),(23,192),(23,193),(22,194),(22,195),(21,196),(21,197),(18,200),(18,201),(14,205),(14,206),(13,207),(13,208),(12,209),(12,210),(11,211),(11,214),(10,215),(10,217),(9,218),(9,220),(8,221),(8,223),(7,224),(7,226),(6,227),(6,238),(7,239),(7,240),(9,242),(10,242),(12,244),(12,254),(11,255),(11,258),(10,259),(10,260),(8,262),(7,262),(6,261),(5,261),(4,260),(4,259),(3,258),(1,260),(1,273),(2,272),(3,273),(5,271),(6,271),(8,273),(8,275),(9,276),(9,279),(10,280),(10,283),(11,284),(11,286),(12,287),(12,289),(13,290),(13,294),(14,295),(14,297),(15,298),(15,300),(16,301),(16,302),(17,303),(17,304),(20,307),(20,308),(21,309),(21,310),(22,311),(22,312),(23,313),(23,314),(26,317),(27,317),(28,318),(28,319),(27,320),(26,320),(25,319),(21,319),(20,318),(18,318),(16,316),(15,316),(14,315),(13,315),(12,314),(9,314),(8,315),(6,315),(3,318),(3,324),(2,325),(2,326),(1,327),(1,332),(0,333),(0,339),(1,340),(1,344),(2,345),(2,348),(1,349),(1,351),(0,352),(0,415),(415,415),(415,196),(414,195),(413,196),(409,192),(408,192),(407,191),(397,191),(396,192),(393,192),(392,193),(389,193),(388,194),(386,194),(385,195),(384,195),(383,196),(382,196),(381,197),(380,197),(379,198),(378,198),(377,199),(375,199),(374,200),(373,200),(372,201),(370,201),(369,202),(352,202),(351,203),(345,203),(344,204),(342,204),(341,205),(338,205),(337,206),(336,206),(335,207),(333,207),(332,208),(331,208),(330,209),(326,209),(325,210),(316,210),(315,209),(312,209),(310,207),(309,207),(307,205),(306,205),(305,204),(304,204),(303,203),(301,203),(300,202),(298,202),(297,203),(295,203),(294,204),(293,204),(292,205),(291,205),(290,206),(288,206),(287,207),(285,207),(284,208),(281,208),(280,209),(274,209),(273,208),(270,208),(269,207),(266,207),(265,206),(262,206),(261,205),(258,205),(257,204),(254,204),(253,203),(251,203),(250,202),(249,202),(248,201),(246,201),(245,200),(243,200),(242,199),(241,199),(240,198),(238,198),(237,197),(236,197),(235,196),(233,196),(232,195),(231,195),(230,194),(228,194),(227,193),(226,193),(225,192),(224,192),(223,191),(222,191),(221,190),(220,190),(219,189),(218,189),(217,188),(215,188),(214,187),(212,187),(211,186),(208,186),(207,185),(201,185),(200,184),(194,184),(193,183),(184,183),(183,182),(181,182),(180,181),(175,181),(174,180),(170,180),(169,179),(154,179),(153,178),(151,178),(150,177),(145,177),(144,176),(137,176),(136,175),(0,416),(1,416),(2,416),(3,416),(4,416),(5,416),(6,416),(7,416),(8,416),(9,416),(10,416),(11,416),(12,416),(13,416),(14,416),(15,416),(16,416),(17,416),(18,416),(19,416),(20,416),(21,416),(22,416),(23,416),(24,416),(25,416),(26,416),(27,416),(28,416),(29,416),(30,416),(31,416),(32,416),(33,416),(34,416),(35,416),(36,416),(37,416),(38,416),(39,416),(40,416),(41,416),(42,416),(43,416),(44,416),(45,416),(46,416),(47,416),(48,416),(49,416),(50,416),(51,416),(52,416),(53,416),(54,416),(55,416),(56,416),(57,416),(58,416),(59,416),(60,416),(61,416),(62,416),(63,416),(64,416),(65,416),(66,416),(67,416),(68,416),(69,416),(70,416),(71,416),(72,416),(73,416),(74,416),(75,416),(76,416),(77,416),(78,416),(79,416),(80,416),(81,416),(82,416),(83,416),(84,416),(85,416),(86,416),(87,416),(88,416),(89,416),(90,416),(91,416),(92,416),(93,416),(94,416),(95,416),(96,416),(97,416),(98,416),(99,416),(100,416),(101,416),(102,416),(103,416),(104,416),(105,416),(106,416),(107,416),(108,416),(109,416),(110,416),(111,416),(112,416),(113,416),(114,416),(115,416),(116,416),(117,416),(118,416),(119,416),(120,416),(121,416),(122,416),(123,416),(124,416),(125,416),(126,416),(127,416),(128,416),(129,416),(130,416),(131,416),(132,416),(133,416),(134,416),(135,416),(136,416),(137,416),(138,416),(139,416),(140,416),(141,416),(142,416),(143,416),(144,416),(145,416),(146,416),(147,416),(148,416),(149,416),(150,416),(151,416),(152,416),(153,416),(154,416),(155,416),(156,416),(157,416),(158,416),(159,416),(160,416),(161,416),(162,416),(163,416),(164,416),(165,416),(166,416),(167,416),(168,416),(169,416),(170,416),(171,416),(172,416),(173,416),(174,416),(175,416),(176,416),(177,416),(178,416),(179,416),(180,416),(181,416),(182,416),(183,416),(184,416),(185,416),(186,416),(187,416),(188,416),(189,416),(190,416),(191,416),(192,416),(193,416),(194,416),(195,416),(196,416),(197,416),(198,416),(199,416),(200,416),(201,416),(202,416),(203,416),(204,416),(205,416),(206,416),(207,416),(208,416),(209,416),(210,416),(211,416),(212,416),(213,416),(214,416),(215,416),(216,416),(217,416),(218,416),(219,416),(220,416),(221,416),(222,416),(223,416),(224,416),(225,416),(226,416),(227,416),(228,416),(229,416),(230,416),(231,416),(232,416),(233,416),(234,416),(235,416),(236,416),(237,416),(238,416),(239,416),(240,416),(241,416),(242,416),(243,416),(244,416),(245,416),(246,416),(247,416),(248,416),(249,416),(250,416),(251,416),(252,416),(253,416),(254,416),(255,416),(256,416),(257,416),(258,416),(259,416),(260,416),(261,416),(262,416),(263,416),(264,416),(265,416),(266,416),(267,416),(268,416),(269,416),(270,416),(271,416),(272,416),(273,416),(274,416),(275,416),(276,416),(277,416),(278,416),(279,416),(280,416),(281,416),(282,416),(283,416),(284,416),(285,416),(286,416),(287,416),(288,416),(289,416),(290,416),(291,416),(292,416),(293,416),(294,416),(295,416),(296,416),(297,416),(298,416),(299,416),(300,416),(301,416),(302,416),(303,416),(304,416),(305,416),(306,416),(307,416),(308,416),(309,416),(310,416),(311,416),(312,416),(313,416),(314,416),(315,416),(316,416),(317,416),(318,416),(319,416),(320,416),(321,416),(322,416),(323,416),(324,416),(325,416),(326,416),(327,416),(328,416),(329,416),(330,416),(331,416),(332,416),(333,416),(334,416),(335,416),(336,416),(337,416),(338,416),(339,416),(340,416),(341,416),(342,416),(343,416),(344,416),(345,416),(346,416),(347,416),(348,416),(349,416),(350,416),(351,416),(352,416),(353,416),(354,416),(355,416),(356,416),(357,416),(358,416),(359,416),(360,416),(361,416),(362,416),(363,416),(364,416),(365,416),(366,416),(367,416),(368,416),(369,416),(370,416),(371,416),(372,416),(373,416),(374,416),(375,416),(376,416),(377,416),(378,416),(379,416),(380,416),(381,416),(382,416),(383,416),(384,416),(385,416),(386,416),(387,416),(388,416),(389,416),(390,416),(391,416),(392,416),(393,416),(394,416),(395,416),(396,416),(397,416),(398,416),(399,416),(400,416),(401,416),(402,416),(403,416),(404,416),(405,416),(406,416),(407,416),(408,416),(409,416),(410,416),(411,416),(412,416),(413,416),(414,416),(415,416),(416,416),(0,414),(0,413),(0,412),(0,411),(0,410),(0,409),(0,408),(0,407),(0,406),(0,405),(0,404),(0,403),(0,402),(0,401),(0,400),(0,399),(0,398),(0,397),(0,396),(0,395),(0,394),(0,393),(0,392),(0,391),(0,390),(0,389),(0,388),(0,387),(0,386),(0,385),(0,384),(0,383),(0,382),(0,381),(0,380),(0,379),(0,378),(0,377),(0,376),(0,375),(0,374),(0,373),(0,372),(0,371),(0,370),(0,369),(0,368),(0,367),(0,366),(0,365),(0,364),(0,363),(0,362),(0,361),(0,360),(0,359),(0,358),(0,357),(0,356),(0,355),(0,354),(0,353),(414,414),(414,413),(414,412),(414,411),(414,410),(414,409),(414,408),(414,407),(414,406),(414,405),(414,404),(414,403),(414,402),(414,401),(414,400),(414,399),(414,398),(414,397),(414,396),(414,395),(414,394),(414,393),(414,392),(414,391),(414,390),(414,389),(414,388),(414,387),(414,386),(414,385),(414,384),(414,383),(414,382),(414,381),(414,380),(414,379),(414,378),(414,377),(414,376),(414,375),(414,374),(414,373),(414,372),(414,371),(414,370),(414,369),(414,368),(414,367),(414,366),(414,365),(414,364),(414,363),(414,362),(414,361),(414,360),(414,359),(414,358),(414,357),(414,356),(414,355),(414,354),(414,353),(414,352),(414,351),(414,350),(414,349),(414,348),(414,347),(414,346),(414,345),(414,344),(414,343),(414,342),(414,341),(414,340),(414,339),(414,338),(414,337),(414,336),(414,335),(414,334),(414,333),(414,332),(414,331),(414,330),(414,329),(414,328),(414,327),(414,326),(414,325),(414,324),(414,323),(414,322),(414,321),(414,320),(414,319),(414,318),(414,317),(414,316),(414,315),(414,314),(414,313),(414,312),(414,311),(414,310),(414,309),(414,308),(414,307),(414,306),(414,305),(414,304),(414,303),(414,302),(414,301),(414,300),(414,299),(414,298),(414,297),(414,296),(414,295),(414,294),(414,293),(414,292),(414,291),(414,290),(414,289),(414,288),(414,287),(414,286),(414,285),(414,284),(414,283),(414,282),(414,281),(414,280),(414,279),(414,278),(414,277),(414,276),(414,275),(414,274),(414,273),(414,272),(414,271),(414,270),(414,269),(414,268),(414,267),(414,266),(414,265),(414,264),(414,263),(414,262),(414,261),(414,260),(414,259),(414,258),(414,257),(414,256),(414,255),(414,254),(414,253),(414,252),(414,251),(414,250),(414,249),(414,248),(414,247),(414,246),(414,245),(414,244),(414,243),(414,242),(414,241),(414,240),(414,239),(414,238),(414,237),(414,236),(414,235),(414,234),(414,233),(414,232),(414,231),(414,230),(414,229),(414,228),(414,227),(414,226),(414,225),(414,224),(414,223),(414,222),(414,221),(414,220),(414,219),(414,218),(414,217),(414,216),(414,215),(414,214),(414,213),(414,212),(414,211),(414,210),(414,209),(414,208),(414,207),(414,206),(414,205),(414,204),(414,203),(414,202),(414,201),(414,200),(414,199),(414,198),(414,197),(414,196)]

[(133,168),(132,169),(131,169),(129,171),(128,171),(128,172),(125,175),(124,175),(122,177),(121,177),(120,178),(119,178),(118,179),(107,179),(106,178),(103,178),(102,177),(95,177),(94,178),(92,178),(91,179),(85,179),(84,180),(82,180),(81,181),(80,181),(79,180),(74,180),(73,181),(71,181),(70,182),(66,182),(65,183),(58,183),(54,187),(53,187),(51,189),(48,189),(47,188),(38,188),(37,189),(31,189),(30,190),(29,190),(28,191),(27,191),(25,193),(25,194),(23,196),(23,198),(21,200),(21,201),(20,202),(20,203),(14,209),(14,210),(12,212),(12,213),(11,214),(11,216),(10,217),(10,218),(9,219),(9,221),(8,222),(8,224),(7,225),(7,226),(6,227),(6,230),(5,231),(5,244),(6,245),(6,247),(7,248),(7,249),(8,249),(10,251),(10,253),(9,254),(9,255),(7,257),(5,257),(4,258),(3,258),(3,260),(1,262),(1,265),(0,266),(0,280),(1,281),(1,282),(7,282),(8,283),(8,284),(9,285),(9,287),(10,288),(10,290),(11,291),(11,294),(12,295),(12,296),(13,297),(13,301),(14,302),(14,305),(15,306),(15,313),(14,314),(10,314),(9,315),(7,315),(6,316),(5,316),(1,320),(1,329),(0,330),(0,415),(415,415),(415,195),(414,194),(412,194),(409,191),(396,191),(395,192),(392,192),(391,193),(388,193),(387,194),(385,194),(384,195),(382,195),(381,196),(380,196),(379,197),(378,197),(377,198),(376,198),(375,199),(373,199),(372,200),(371,200),(370,201),(366,201),(365,202),(349,202),(348,203),(345,203),(344,204),(343,204),(342,205),(341,205),(340,206),(339,206),(338,207),(337,207),(335,209),(334,209),(332,211),(331,211),(330,212),(329,212),(328,213),(324,213),(323,214),(319,214),(318,213),(314,213),(307,206),(307,205),(306,204),(306,203),(305,202),(305,201),(303,199),(303,198),(299,194),(299,193),(294,188),(294,187),(293,186),(292,186),(287,181),(287,180),(283,176),(283,175),(282,175),(280,173),(279,173),(277,171),(276,171),(275,170),(274,170),(273,169),(270,169),(269,168),(258,168),(257,169),(255,169),(254,170),(253,170),(252,171),(250,171),(249,172),(246,172),(245,173),(241,173),(240,174),(239,174),(238,175),(237,175),(236,176),(235,176),(234,177),(233,177),(232,178),(230,178),(229,179),(228,179),(227,180),(219,180),(218,179),(208,179),(207,180),(194,180),(193,179),(190,179),(189,178),(188,178),(185,175),(176,175),(175,174),(173,174),(172,173),(167,173),(166,172),(165,172),(164,171),(163,171),(162,170),(161,170),(160,171),(155,171),(154,170),(144,170),(143,169),(141,169),(140,168),(0,416),(1,416),(2,416),(3,416),(4,416),(5,416),(6,416),(7,416),(8,416),(9,416),(10,416),(11,416),(12,416),(13,416),(14,416),(15,416),(16,416),(17,416),(18,416),(19,416),(20,416),(21,416),(22,416),(23,416),(24,416),(25,416),(26,416),(27,416),(28,416),(29,416),(30,416),(31,416),(32,416),(33,416),(34,416),(35,416),(36,416),(37,416),(38,416),(39,416),(40,416),(41,416),(42,416),(43,416),(44,416),(45,416),(46,416),(47,416),(48,416),(49,416),(50,416),(51,416),(52,416),(53,416),(54,416),(55,416),(56,416),(57,416),(58,416),(59,416),(60,416),(61,416),(62,416),(63,416),(64,416),(65,416),(66,416),(67,416),(68,416),(69,416),(70,416),(71,416),(72,416),(73,416),(74,416),(75,416),(76,416),(77,416),(78,416),(79,416),(80,416),(81,416),(82,416),(83,416),(84,416),(85,416),(86,416),(87,416),(88,416),(89,416),(90,416),(91,416),(92,416),(93,416),(94,416),(95,416),(96,416),(97,416),(98,416),(99,416),(100,416),(101,416),(102,416),(103,416),(104,416),(105,416),(106,416),(107,416),(108,416),(109,416),(110,416),(111,416),(112,416),(113,416),(114,416),(115,416),(116,416),(117,416),(118,416),(119,416),(120,416),(121,416),(122,416),(123,416),(124,416),(125,416),(126,416),(127,416),(128,416),(129,416),(130,416),(131,416),(132,416),(133,416),(134,416),(135,416),(136,416),(137,416),(138,416),(139,416),(140,416),(141,416),(142,416),(143,416),(144,416),(145,416),(146,416),(147,416),(148,416),(149,416),(150,416),(151,416),(152,416),(153,416),(154,416),(155,416),(156,416),(157,416),(158,416),(159,416),(160,416),(161,416),(162,416),(163,416),(164,416),(165,416),(166,416),(167,416),(168,416),(169,416),(170,416),(171,416),(172,416),(173,416),(174,416),(175,416),(176,416),(177,416),(178,416),(179,416),(180,416),(181,416),(182,416),(183,416),(184,416),(185,416),(186,416),(187,416),(188,416),(189,416),(190,416),(191,416),(192,416),(193,416),(194,416),(195,416),(196,416),(197,416),(198,416),(199,416),(200,416),(201,416),(202,416),(203,416),(204,416),(205,416),(206,416),(207,416),(208,416),(209,416),(210,416),(211,416),(212,416),(213,416),(214,416),(215,416),(216,416),(217,416),(218,416),(219,416),(220,416),(221,416),(222,416),(223,416),(224,416),(225,416),(226,416),(227,416),(228,416),(229,416),(230,416),(231,416),(232,416),(233,416),(234,416),(235,416),(236,416),(237,416),(238,416),(239,416),(240,416),(241,416),(242,416),(243,416),(244,416),(245,416),(246,416),(247,416),(248,416),(249,416),(250,416),(251,416),(252,416),(253,416),(254,416),(255,416),(256,416),(257,416),(258,416),(259,416),(260,416),(261,416),(262,416),(263,416),(264,416),(265,416),(266,416),(267,416),(268,416),(269,416),(270,416),(271,416),(272,416),(273,416),(274,416),(275,416),(276,416),(277,416),(278,416),(279,416),(280,416),(281,416),(282,416),(283,416),(284,416),(285,416),(286,416),(287,416),(288,416),(289,416),(290,416),(291,416),(292,416),(293,416),(294,416),(295,416),(296,416),(297,416),(298,416),(299,416),(300,416),(301,416),(302,416),(303,416),(304,416),(305,416),(306,416),(307,416),(308,416),(309,416),(310,416),(311,416),(312,416),(313,416),(314,416),(315,416),(316,416),(317,416),(318,416),(319,416),(320,416),(321,416),(322,416),(323,416),(324,416),(325,416),(326,416),(327,416),(328,416),(329,416),(330,416),(331,416),(332,416),(333,416),(334,416),(335,416),(336,416),(337,416),(338,416),(339,416),(340,416),(341,416),(342,416),(343,416),(344,416),(345,416),(346,416),(347,416),(348,416),(349,416),(350,416),(351,416),(352,416),(353,416),(354,416),(355,416),(356,416),(357,416),(358,416),(359,416),(360,416),(361,416),(362,416),(363,416),(364,416),(365,416),(366,416),(367,416),(368,416),(369,416),(370,416),(371,416),(372,416),(373,416),(374,416),(375,416),(376,416),(377,416),(378,416),(379,416),(380,416),(381,416),(382,416),(383,416),(384,416),(385,416),(386,416),(387,416),(388,416),(389,416),(390,416),(391,416),(392,416),(393,416),(394,416),(395,416),(396,416),(397,416),(398,416),(399,416),(400,416),(401,416),(402,416),(403,416),(404,416),(405,416),(406,416),(407,416),(408,416),(409,416),(410,416),(411,416),(412,416),(413,416),(414,416),(415,416),(416,416),(0,414),(0,413),(0,412),(0,411),(0,410),(0,409),(0,408),(0,407),(0,406),(0,405),(0,404),(0,403),(0,402),(0,401),(0,400),(0,399),(0,398),(0,397),(0,396),(0,395),(0,394),(0,393),(0,392),(0,391),(0,390),(0,389),(0,388),(0,387),(0,386),(0,385),(0,384),(0,383),(0,382),(0,381),(0,380),(0,379),(0,378),(0,377),(0,376),(0,375),(0,374),(0,373),(0,372),(0,371),(0,370),(0,369),(0,368),(0,367),(0,366),(0,365),(0,364),(0,363),(0,362),(0,361),(0,360),(0,359),(0,358),(0,357),(0,356),(0,355),(0,354),(0,353),(0,352),(0,351),(0,350),(0,349),(0,348),(0,347),(0,346),(0,345),(0,344),(0,343),(0,342),(0,341),(0,340),(0,339),(0,338),(0,337),(0,336),(0,335),(0,334),(0,333),(0,332),(0,331),(414,414),(414,413),(414,412),(414,411),(414,410),(414,409),(414,408),(414,407),(414,406),(414,405),(414,404),(414,403),(414,402),(414,401),(414,400),(414,399),(414,398),(414,397),(414,396),(414,395),(414,394),(414,393),(414,392),(414,391),(414,390),(414,389),(414,388),(414,387),(414,386),(414,385),(414,384),(414,383),(414,382),(414,381),(414,380),(414,379),(414,378),(414,377),(414,376),(414,375),(414,374),(414,373),(414,372),(414,371),(414,370),(414,369),(414,368),(414,367),(414,366),(414,365),(414,364),(414,363),(414,362),(414,361),(414,360),(414,359),(414,358),(414,357),(414,356),(414,355),(414,354),(414,353),(414,352),(414,351),(414,350),(414,349),(414,348),(414,347),(414,346),(414,345),(414,344),(414,343),(414,342),(414,341),(414,340),(414,339),(414,338),(414,337),(414,336),(414,335),(414,334),(414,333),(414,332),(414,331),(414,330),(414,329),(414,328),(414,327),(414,326),(414,325),(414,324),(414,323),(414,322),(414,321),(414,320),(414,319),(414,318),(414,317),(414,316),(414,315),(414,314),(414,313),(414,312),(414,311),(414,310),(414,309),(414,308),(414,307),(414,306),(414,305),(414,304),(414,303),(414,302),(414,301),(414,300),(414,299),(414,298),(414,297),(414,296),(414,295),(414,294),(414,293),(414,292),(414,291),(414,290),(414,289),(414,288),(414,287),(414,286),(414,285),(414,284),(414,283),(414,282),(414,281),(414,280),(414,279),(414,278),(414,277),(414,276),(414,275),(414,274),(414,273),(414,272),(414,271),(414,270),(414,269),(414,268),(414,267),(414,266),(414,265),(414,264),(414,263),(414,262),(414,261),(414,260),(414,259),(414,258),(414,257),(414,256),(414,255),(414,254),(414,253),(414,252),(414,251),(414,250),(414,249),(414,248),(414,247),(414,246),(414,245),(414,244),(414,243),(414,242),(414,241),(414,240),(414,239),(414,238),(414,237),(414,236),(414,235),(414,234),(414,233),(414,232),(414,231),(414,230),(414,229),(414,228),(414,227),(414,226),(414,225),(414,224),(414,223),(414,222),(414,221),(414,220),(414,219),(414,218),(414,217),(414,216),(414,215),(414,214),(414,213),(414,212),(414,211),(414,210),(414,209),(414,208),(414,207),(414,206),(414,205),(414,204),(414,203),(414,202),(414,201),(414,200),(414,199),(414,198),(414,197),(414,196),(414,195)]


[(133,168),(132,169),(131,169),(129,171),(128,171),(128,172),(125,175),(124,175),(122,177),(121,177),(120,178),(119,178),(118,179),(107,179),(106,178),(103,178),(102,177),(95,177),(94,178),(92,178),(91,179),(85,179),(84,180),(82,180),(81,181),(80,181),(79,180),(74,180),(73,181),(71,181),(70,182),(66,182),(65,183),(58,183),(54,187),(53,187),(51,189),(48,189),(47,188),(38,188),(37,189),(31,189),(30,190),(29,190),(28,191),(27,191),(25,193),(25,194),(23,196),(23,198),(21,200),(21,201),(20,202),(20,203),(14,209),(14,210),(12,212),(12,213),(11,214),(11,216),(10,217),(10,218),(9,219),(9,221),(8,222),(8,224),(7,225),(7,226),(6,227),(6,230),(5,231),(5,244),(6,245),(6,247),(7,248),(7,249),(8,249),(10,251),(10,253),(9,254),(9,255),(7,257),(5,257),(4,258),(3,258),(3,260),(1,262),(1,265),(0,266),(0,280),(1,281),(1,282),(7,282),(8,283),(8,284),(9,285),(9,287),(10,288),(10,290),(11,291),(11,294),(12,295),(12,296),(13,297),(13,301),(14,302),(14,305),(15,306),(15,313),(14,314),(10,314),(9,315),(7,315),(6,316),(5,316),(1,320),(1,329),(0,330),(0,415),(415,415),(415,195),(414,194),(412,194),(409,191),(396,191),(395,192),(392,192),(391,193),(388,193),(387,194),(385,194),(384,195),(382,195),(381,196),(380,196),(379,197),(378,197),(377,198),(376,198),(375,199),(373,199),(372,200),(371,200),(370,201),(366,201),(365,202),(349,202),(348,203),(345,203),(344,204),(343,204),(342,205),(341,205),(340,206),(339,206),(338,207),(337,207),(335,209),(334,209),(332,211),(331,211),(330,212),(329,212),(328,213),(324,213),(323,214),(319,214),(318,213),(314,213),(307,206),(307,205),(306,204),(306,203),(305,202),(305,201),(303,199),(303,198),(299,194),(299,193),(294,188),(294,187),(293,186),(292,186),(287,181),(287,180),(283,176),(283,175),(282,175),(280,173),(279,173),(277,171),(276,171),(275,170),(274,170),(273,169),(270,169),(269,168),(258,168),(257,169),(255,169),(254,170),(253,170),(252,171),(250,171),(249,172),(246,172),(245,173),(241,173),(240,174),(239,174),(238,175),(237,175),(236,176),(235,176),(234,177),(233,177),(232,178),(230,178),(229,179),(228,179),(227,180),(219,180),(218,179),(208,179),(207,180),(194,180),(193,179),(190,179),(189,178),(188,178),(185,175),(176,175),(175,174),(173,174),(172,173),(167,173),(166,172),(165,172),(164,171),(163,171),(162,170),(161,170),(160,171),(155,171),(154,170),(144,170),(143,169),(141,169),(140,168),(0,416),(1,416),(2,416),(3,416),(4,416),(5,416),(6,416),(7,416),(8,416),(9,416),(10,416),(11,416),(12,416),(13,416),(14,416),(15,416),(16,416),(17,416),(18,416),(19,416),(20,416),(21,416),(22,416),(23,416),(24,416),(25,416),(26,416),(27,416),(28,416),(29,416),(30,416),(31,416),(32,416),(33,416),(34,416),(35,416),(36,416),(37,416),(38,416),(39,416),(40,416),(41,416),(42,416),(43,416),(44,416),(45,416),(46,416),(47,416),(48,416),(49,416),(50,416),(51,416),(52,416),(53,416),(54,416),(55,416),(56,416),(57,416),(58,416),(59,416),(60,416),(61,416),(62,416),(63,416),(64,416),(65,416),(66,416),(67,416),(68,416),(69,416),(70,416),(71,416),(72,416),(73,416),(74,416),(75,416),(76,416),(77,416),(78,416),(79,416),(80,416),(81,416),(82,416),(83,416),(84,416),(85,416),(86,416),(87,416),(88,416),(89,416),(90,416),(91,416),(92,416),(93,416),(94,416),(95,416),(96,416),(97,416),(98,416),(99,416),(100,416),(101,416),(102,416),(103,416),(104,416),(105,416),(106,416),(107,416),(108,416),(109,416),(110,416),(111,416),(112,416),(113,416),(114,416),(115,416),(116,416),(117,416),(118,416),(119,416),(120,416),(121,416),(122,416),(123,416),(124,416),(125,416),(126,416),(127,416),(128,416),(129,416),(130,416),(131,416),(132,416),(133,416),(134,416),(135,416),(136,416),(137,416),(138,416),(139,416),(140,416),(141,416),(142,416),(143,416),(144,416),(145,416),(146,416),(147,416),(148,416),(149,416),(150,416),(151,416),(152,416),(153,416),(154,416),(155,416),(156,416),(157,416),(158,416),(159,416),(160,416),(161,416),(162,416),(163,416),(164,416),(165,416),(166,416),(167,416),(168,416),(169,416),(170,416),(171,416),(172,416),(173,416),(174,416),(175,416),(176,416),(177,416),(178,416),(179,416),(180,416),(181,416),(182,416),(183,416),(184,416),(185,416),(186,416),(187,416),(188,416),(189,416),(190,416),(191,416),(192,416),(193,416),(194,416),(195,416),(196,416),(197,416),(198,416),(199,416),(200,416),(201,416),(202,416),(203,416),(204,416),(205,416),(206,416),(207,416),(208,416),(209,416),(210,416),(211,416),(212,416),(213,416),(214,416),(215,416),(216,416),(217,416),(218,416),(219,416),(220,416),(221,416),(222,416),(223,416),(224,416),(225,416),(226,416),(227,416),(228,416),(229,416),(230,416),(231,416),(232,416),(233,416),(234,416),(235,416),(236,416),(237,416),(238,416),(239,416),(240,416),(241,416),(242,416),(243,416),(244,416),(245,416),(246,416),(247,416),(248,416),(249,416),(250,416),(251,416),(252,416),(253,416),(254,416),(255,416),(256,416),(257,416),(258,416),(259,416),(260,416),(261,416),(262,416),(263,416),(264,416),(265,416),(266,416),(267,416),(268,416),(269,416),(270,416),(271,416),(272,416),(273,416),(274,416),(275,416),(276,416),(277,416),(278,416),(279,416),(280,416),(281,416),(282,416),(283,416),(284,416),(285,416),(286,416),(287,416),(288,416),(289,416),(290,416),(291,416),(292,416),(293,416),(294,416),(295,416),(296,416),(297,416),(298,416),(299,416),(300,416),(301,416),(302,416),(303,416),(304,416),(305,416),(306,416),(307,416),(308,416),(309,416),(310,416),(311,416),(312,416),(313,416),(314,416),(315,416),(316,416),(317,416),(318,416),(319,416),(320,416),(321,416),(322,416),(323,416),(324,416),(325,416),(326,416),(327,416),(328,416),(329,416),(330,416),(331,416),(332,416),(333,416),(334,416),(335,416),(336,416),(337,416),(338,416),(339,416),(340,416),(341,416),(342,416),(343,416),(344,416),(345,416),(346,416),(347,416),(348,416),(349,416),(350,416),(351,416),(352,416),(353,416),(354,416),(355,416),(356,416),(357,416),(358,416),(359,416),(360,416),(361,416),(362,416),(363,416),(364,416),(365,416),(366,416),(367,416),(368,416),(369,416),(370,416),(371,416),(372,416),(373,416),(374,416),(375,416),(376,416),(377,416),(378,416),(379,416),(380,416),(381,416),(382,416),(383,416),(384,416),(385,416),(386,416),(387,416),(388,416),(389,416),(390,416),(391,416),(392,416),(393,416),(394,416),(395,416),(396,416),(397,416),(398,416),(399,416),(400,416),(401,416),(402,416),(403,416),(404,416),(405,416),(406,416),(407,416),(408,416),(409,416),(410,416),(411,416),(412,416),(413,416),(414,416),(415,416),(416,416),(0,414),(0,413),(0,412),(0,411),(0,410),(0,409),(0,408),(0,407),(0,406),(0,405),(0,404),(0,403),(0,402),(0,401),(0,400),(0,399),(0,398),(0,397),(0,396),(0,395),(0,394),(0,393),(0,392),(0,391),(0,390),(0,389),(0,388),(0,387),(0,386),(0,385),(0,384),(0,383),(0,382),(0,381),(0,380),(0,379),(0,378),(0,377),(0,376),(0,375),(0,374),(0,373),(0,372),(0,371),(0,370),(0,369),(0,368),(0,367),(0,366),(0,365),(0,364),(0,363),(0,362),(0,361),(0,360),(0,359),(0,358),(0,357),(0,356),(0,355),(0,354),(0,353),(0,352),(0,351),(0,350),(0,349),(0,348),(0,347),(0,346),(0,345),(0,344),(0,343),(0,342),(0,341),(0,340),(0,339),(0,338),(0,337),(0,336),(0,335),(0,334),(0,333),(0,332),(0,331),(414,414),(414,413),(414,412),(414,411),(414,410),(414,409),(414,408),(414,407),(414,406),(414,405),(414,404),(414,403),(414,402),(414,401),(414,400),(414,399),(414,398),(414,397),(414,396),(414,395),(414,394),(414,393),(414,392),(414,391),(414,390),(414,389),(414,388),(414,387),(414,386),(414,385),(414,384),(414,383),(414,382),(414,381),(414,380),(414,379),(414,378),(414,377),(414,376),(414,375),(414,374),(414,373),(414,372),(414,371),(414,370),(414,369),(414,368),(414,367),(414,366),(414,365),(414,364),(414,363),(414,362),(414,361),(414,360),(414,359),(414,358),(414,357),(414,356),(414,355),(414,354),(414,353),(414,352),(414,351),(414,350),(414,349),(414,348),(414,347),(414,346),(414,345),(414,344),(414,343),(414,342),(414,341),(414,340),(414,339),(414,338),(414,337),(414,336),(414,335),(414,334),(414,333),(414,332),(414,331),(414,330),(414,329),(414,328),(414,327),(414,326),(414,325),(414,324),(414,323),(414,322),(414,321),(414,320),(414,319),(414,318),(414,317),(414,316),(414,315),(414,314),(414,313),(414,312),(414,311),(414,310),(414,309),(414,308),(414,307),(414,306),(414,305),(414,304),(414,303),(414,302),(414,301),(414,300),(414,299),(414,298),(414,297),(414,296),(414,295),(414,294),(414,293),(414,292),(414,291),(414,290),(414,289),(414,288),(414,287),(414,286),(414,285),(414,284),(414,283),(414,282),(414,281),(414,280),(414,279),(414,278),(414,277),(414,276),(414,275),(414,274),(414,273),(414,272),(414,271),(414,270),(414,269),(414,268),(414,267),(414,266),(414,265),(414,264),(414,263),(414,262),(414,261),(414,260),(414,259),(414,258),(414,257),(414,256),(414,255),(414,254),(414,253),(414,252),(414,251),(414,250),(414,249),(414,248),(414,247),(414,246),(414,245),(414,244),(414,243),(414,242),(414,241),(414,240),(414,239),(414,238),(414,237),(414,236),(414,235),(414,234),(414,233),(414,232),(414,231),(414,230),(414,229),(414,228),(414,227),(414,226),(414,225),(414,224),(414,223),(414,222),(414,221),(414,220),(414,219),(414,218),(414,217),(414,216),(414,215),(414,214),(414,213),(414,212),(414,211),(414,210),(414,209),(414,208),(414,207),(414,206),(414,205),(414,204),(414,203),(414,202),(414,201),(414,200),(414,199),(414,198),(414,197),(414,196),(414,195)]

[(147,160),(146,161),(143,161),(142,162),(139,162),(138,161),(136,161),(135,162),(132,162),(131,163),(128,163),(126,165),(125,165),(123,167),(123,168),(121,170),(121,171),(117,175),(115,175),(114,176),(112,176),(111,175),(110,175),(109,174),(108,174),(107,173),(106,174),(104,174),(103,173),(101,173),(100,172),(96,172),(95,173),(94,173),(92,175),(91,175),(89,177),(88,177),(86,179),(85,179),(84,180),(80,180),(79,179),(76,179),(75,180),(74,180),(72,182),(71,182),(70,183),(58,183),(51,190),(50,190),(49,191),(47,191),(46,190),(40,190),(39,191),(30,191),(25,196),(25,197),(22,200),(22,201),(20,203),(20,204),(17,207),(17,208),(13,212),(13,213),(11,215),(11,216),(10,217),(10,218),(9,219),(9,220),(8,221),(8,222),(7,223),(7,225),(6,226),(6,227),(5,228),(5,230),(3,232),(3,233),(1,235),(1,237),(0,238),(0,292),(1,293),(1,294),(2,293),(3,293),(4,292),(5,292),(7,290),(8,290),(9,289),(12,292),(12,294),(13,295),(13,301),(14,302),(14,307),(15,308),(15,313),(13,315),(5,315),(4,316),(2,316),(1,315),(1,316),(0,317),(0,415),(415,415),(415,192),(413,192),(411,190),(410,190),(409,189),(408,189),(407,188),(397,188),(396,189),(391,189),(390,190),(386,190),(385,191),(382,191),(381,192),(380,192),(379,193),(377,193),(376,194),(375,194),(374,195),(372,195),(371,196),(370,196),(369,197),(366,197),(365,198),(360,198),(359,199),(351,199),(350,200),(347,200),(346,201),(344,201),(343,202),(342,202),(340,204),(339,204),(336,207),(336,208),(333,211),(333,212),(332,213),(331,213),(329,215),(327,215),(326,216),(324,216),(323,217),(318,217),(317,218),(314,218),(313,219),(310,219),(309,220),(308,220),(307,221),(306,221),(305,222),(304,222),(303,223),(302,223),(300,225),(299,225),(297,227),(296,227),(293,230),(293,231),(291,233),(291,234),(290,235),(290,236),(291,237),(291,239),(292,240),(292,241),(293,242),(293,243),(294,244),(294,245),(295,246),(295,247),(292,250),(290,250),(289,251),(285,251),(284,252),(280,252),(279,253),(271,253),(270,252),(267,252),(266,251),(264,251),(263,250),(262,250),(261,249),(260,249),(258,247),(256,247),(254,245),(253,245),(252,244),(251,244),(250,243),(249,243),(248,242),(245,242),(244,241),(237,241),(236,240),(233,240),(232,239),(230,239),(228,237),(227,237),(226,236),(226,235),(228,233),(231,233),(232,232),(238,232),(239,231),(243,231),(244,230),(246,230),(247,229),(248,229),(249,228),(250,228),(251,227),(252,227),(255,224),(255,223),(256,222),(256,221),(257,220),(257,218),(258,217),(258,216),(259,215),(259,214),(261,212),(261,210),(262,209),(262,201),(261,200),(261,190),(260,189),(260,188),(259,187),(259,186),(258,185),(257,185),(256,184),(255,184),(253,182),(252,182),(251,181),(249,181),(248,180),(246,180),(245,179),(237,179),(236,180),(224,180),(223,181),(219,181),(218,180),(214,180),(213,179),(208,179),(207,180),(203,180),(202,179),(197,179),(195,177),(194,177),(193,176),(188,176),(187,175),(185,175),(184,174),(183,175),(179,175),(178,174),(177,174),(176,173),(175,173),(173,171),(171,171),(168,168),(167,168),(166,167),(164,167),(162,165),(162,164),(160,162),(159,162),(158,161),(156,161),(155,160),(0,416),(1,416),(2,416),(3,416),(4,416),(5,416),(6,416),(7,416),(8,416),(9,416),(10,416),(11,416),(12,416),(13,416),(14,416),(15,416),(16,416),(17,416),(18,416),(19,416),(20,416),(21,416),(22,416),(23,416),(24,416),(25,416),(26,416),(27,416),(28,416),(29,416),(30,416),(31,416),(32,416),(33,416),(34,416),(35,416),(36,416),(37,416),(38,416),(39,416),(40,416),(41,416),(42,416),(43,416),(44,416),(45,416),(46,416),(47,416),(48,416),(49,416),(50,416),(51,416),(52,416),(53,416),(54,416),(55,416),(56,416),(57,416),(58,416),(59,416),(60,416),(61,416),(62,416),(63,416),(64,416),(65,416),(66,416),(67,416),(68,416),(69,416),(70,416),(71,416),(72,416),(73,416),(74,416),(75,416),(76,416),(77,416),(78,416),(79,416),(80,416),(81,416),(82,416),(83,416),(84,416),(85,416),(86,416),(87,416),(88,416),(89,416),(90,416),(91,416),(92,416),(93,416),(94,416),(95,416),(96,416),(97,416),(98,416),(99,416),(100,416),(101,416),(102,416),(103,416),(104,416),(105,416),(106,416),(107,416),(108,416),(109,416),(110,416),(111,416),(112,416),(113,416),(114,416),(115,416),(116,416),(117,416),(118,416),(119,416),(120,416),(121,416),(122,416),(123,416),(124,416),(125,416),(126,416),(127,416),(128,416),(129,416),(130,416),(131,416),(132,416),(133,416),(134,416),(135,416),(136,416),(137,416),(138,416),(139,416),(140,416),(141,416),(142,416),(143,416),(144,416),(145,416),(146,416),(147,416),(148,416),(149,416),(150,416),(151,416),(152,416),(153,416),(154,416),(155,416),(156,416),(157,416),(158,416),(159,416),(160,416),(161,416),(162,416),(163,416),(164,416),(165,416),(166,416),(167,416),(168,416),(169,416),(170,416),(171,416),(172,416),(173,416),(174,416),(175,416),(176,416),(177,416),(178,416),(179,416),(180,416),(181,416),(182,416),(183,416),(184,416),(185,416),(186,416),(187,416),(188,416),(189,416),(190,416),(191,416),(192,416),(193,416),(194,416),(195,416),(196,416),(197,416),(198,416),(199,416),(200,416),(201,416),(202,416),(203,416),(204,416),(205,416),(206,416),(207,416),(208,416),(209,416),(210,416),(211,416),(212,416),(213,416),(214,416),(215,416),(216,416),(217,416),(218,416),(219,416),(220,416),(221,416),(222,416),(223,416),(224,416),(225,416),(226,416),(227,416),(228,416),(229,416),(230,416),(231,416),(232,416),(233,416),(234,416),(235,416),(236,416),(237,416),(238,416),(239,416),(240,416),(241,416),(242,416),(243,416),(244,416),(245,416),(246,416),(247,416),(248,416),(249,416),(250,416),(251,416),(252,416),(253,416),(254,416),(255,416),(256,416),(257,416),(258,416),(259,416),(260,416),(261,416),(262,416),(263,416),(264,416),(265,416),(266,416),(267,416),(268,416),(269,416),(270,416),(271,416),(272,416),(273,416),(274,416),(275,416),(276,416),(277,416),(278,416),(279,416),(280,416),(281,416),(282,416),(283,416),(284,416),(285,416),(286,416),(287,416),(288,416),(289,416),(290,416),(291,416),(292,416),(293,416),(294,416),(295,416),(296,416),(297,416),(298,416),(299,416),(300,416),(301,416),(302,416),(303,416),(304,416),(305,416),(306,416),(307,416),(308,416),(309,416),(310,416),(311,416),(312,416),(313,416),(314,416),(315,416),(316,416),(317,416),(318,416),(319,416),(320,416),(321,416),(322,416),(323,416),(324,416),(325,416),(326,416),(327,416),(328,416),(329,416),(330,416),(331,416),(332,416),(333,416),(334,416),(335,416),(336,416),(337,416),(338,416),(339,416),(340,416),(341,416),(342,416),(343,416),(344,416),(345,416),(346,416),(347,416),(348,416),(349,416),(350,416),(351,416),(352,416),(353,416),(354,416),(355,416),(356,416),(357,416),(358,416),(359,416),(360,416),(361,416),(362,416),(363,416),(364,416),(365,416),(366,416),(367,416),(368,416),(369,416),(370,416),(371,416),(372,416),(373,416),(374,416),(375,416),(376,416),(377,416),(378,416),(379,416),(380,416),(381,416),(382,416),(383,416),(384,416),(385,416),(386,416),(387,416),(388,416),(389,416),(390,416),(391,416),(392,416),(393,416),(394,416),(395,416),(396,416),(397,416),(398,416),(399,416),(400,416),(401,416),(402,416),(403,416),(404,416),(405,416),(406,416),(407,416),(408,416),(409,416),(410,416),(411,416),(412,416),(413,416),(414,416),(415,416),(416,416),(0,414),(0,413),(0,412),(0,411),(0,410),(0,409),(0,408),(0,407),(0,406),(0,405),(0,404),(0,403),(0,402),(0,401),(0,400),(0,399),(0,398),(0,397),(0,396),(0,395),(0,394),(0,393),(0,392),(0,391),(0,390),(0,389),(0,388),(0,387),(0,386),(0,385),(0,384),(0,383),(0,382),(0,381),(0,380),(0,379),(0,378),(0,377),(0,376),(0,375),(0,374),(0,373),(0,372),(0,371),(0,370),(0,369),(0,368),(0,367),(0,366),(0,365),(0,364),(0,363),(0,362),(0,361),(0,360),(0,359),(0,358),(0,357),(0,356),(0,355),(0,354),(0,353),(0,352),(0,351),(0,350),(0,349),(0,348),(0,347),(0,346),(0,345),(0,344),(0,343),(0,342),(0,341),(0,340),(0,339),(0,338),(0,337),(0,336),(0,335),(0,334),(0,333),(0,332),(0,331),(0,330),(0,329),(0,328),(0,327),(0,326),(0,325),(0,324),(0,323),(0,322),(0,321),(0,320),(0,319),(0,318)]

[(135,161),(134,162),(133,162),(130,165),(129,165),(129,166),(126,169),(126,170),(125,171),(125,172),(124,173),(124,174),(123,175),(123,176),(122,177),(122,179),(120,181),(118,181),(117,182),(112,182),(111,181),(110,181),(109,180),(105,180),(104,181),(103,181),(102,182),(101,182),(98,185),(97,185),(95,187),(95,188),(94,189),(93,189),(92,190),(87,190),(86,191),(82,191),(81,192),(80,192),(79,193),(70,193),(69,194),(68,194),(67,195),(66,195),(63,198),(63,199),(61,201),(61,202),(60,203),(59,203),(58,204),(52,204),(51,205),(49,205),(48,206),(46,206),(45,205),(43,205),(42,206),(41,206),(37,210),(37,211),(34,214),(34,215),(32,217),(32,218),(31,219),(31,220),(24,227),(23,227),(21,229),(20,229),(18,231),(17,231),(12,236),(12,237),(11,238),(11,239),(10,240),(10,241),(9,242),(9,243),(8,244),(8,245),(7,246),(7,248),(6,249),(6,250),(5,251),(5,252),(4,253),(4,254),(3,255),(3,257),(1,259),(1,262),(0,263),(0,306),(1,307),(1,311),(2,312),(2,313),(3,314),(3,321),(1,323),(1,327),(0,328),(0,353),(1,354),(1,365),(3,367),(3,370),(4,371),(4,373),(5,374),(5,378),(6,379),(6,388),(5,389),(5,390),(4,391),(1,391),(0,392),(0,415),(415,415),(415,203),(413,203),(412,202),(411,202),(410,201),(409,201),(408,200),(399,200),(398,201),(393,201),(392,202),(389,202),(388,203),(385,203),(384,204),(383,204),(382,205),(380,205),(379,206),(378,206),(377,207),(374,207),(373,208),(372,208),(371,209),(368,209),(367,210),(364,210),(363,211),(359,211),(358,212),(356,212),(355,213),(353,213),(352,214),(351,214),(350,215),(349,215),(343,221),(343,222),(339,226),(338,226),(337,227),(335,227),(334,228),(332,228),(331,229),(327,229),(326,228),(324,228),(318,222),(318,221),(317,220),(317,218),(316,217),(316,216),(314,214),(314,213),(312,211),(312,210),(311,209),(311,208),(310,207),(310,206),(308,204),(308,203),(305,200),(305,199),(304,199),(302,197),(300,197),(290,187),(289,187),(286,184),(285,184),(284,183),(280,183),(279,182),(274,182),(273,183),(271,183),(270,182),(268,182),(267,183),(264,183),(263,184),(260,184),(259,185),(252,185),(251,186),(249,186),(248,187),(246,187),(245,188),(243,188),(242,189),(239,189),(238,190),(235,190),(234,191),(232,191),(231,192),(228,192),(227,193),(226,192),(218,192),(217,193),(209,193),(208,192),(206,192),(205,191),(204,191),(203,190),(202,190),(201,189),(198,189),(197,188),(195,188),(194,187),(190,187),(189,188),(188,188),(187,187),(185,187),(183,185),(182,185),(181,184),(180,184),(179,183),(178,183),(175,180),(174,180),(173,179),(173,178),(170,175),(169,175),(167,173),(165,173),(164,172),(163,172),(159,168),(158,168),(157,167),(152,167),(151,166),(150,166),(149,165),(144,165),(143,164),(143,163),(142,163),(140,161),(0,416),(1,416),(2,416),(3,416),(4,416),(5,416),(6,416),(7,416),(8,416),(9,416),(10,416),(11,416),(12,416),(13,416),(14,416),(15,416),(16,416),(17,416),(18,416),(19,416),(20,416),(21,416),(22,416),(23,416),(24,416),(25,416),(26,416),(27,416),(28,416),(29,416),(30,416),(31,416),(32,416),(33,416),(34,416),(35,416),(36,416),(37,416),(38,416),(39,416),(40,416),(41,416),(42,416),(43,416),(44,416),(45,416),(46,416),(47,416),(48,416),(49,416),(50,416),(51,416),(52,416),(53,416),(54,416),(55,416),(56,416),(57,416),(58,416),(59,416),(60,416),(61,416),(62,416),(63,416),(64,416),(65,416),(66,416),(67,416),(68,416),(69,416),(70,416),(71,416),(72,416),(73,416),(74,416),(75,416),(76,416),(77,416),(78,416),(79,416),(80,416),(81,416),(82,416),(83,416),(84,416),(85,416),(86,416),(87,416),(88,416),(89,416),(90,416),(91,416),(92,416),(93,416),(94,416),(95,416),(96,416),(97,416),(98,416),(99,416),(100,416),(101,416),(102,416),(103,416),(104,416),(105,416),(106,416),(107,416),(108,416),(109,416),(110,416),(111,416),(112,416),(113,416),(114,416),(115,416),(116,416),(117,416),(118,416),(119,416),(120,416),(121,416),(122,416),(123,416),(124,416),(125,416),(126,416),(127,416),(128,416),(129,416),(130,416),(131,416),(132,416),(133,416),(134,416),(135,416),(136,416),(137,416),(138,416),(139,416),(140,416),(141,416),(142,416),(143,416),(144,416),(145,416),(146,416),(147,416),(148,416),(149,416),(150,416),(151,416),(152,416),(153,416),(154,416),(155,416),(156,416),(157,416),(158,416),(159,416),(160,416),(161,416),(162,416),(163,416),(164,416),(165,416),(166,416),(167,416),(168,416),(169,416),(170,416),(171,416),(172,416),(173,416),(174,416),(175,416),(176,416),(177,416),(178,416),(179,416),(180,416),(181,416),(182,416),(183,416),(184,416),(185,416),(186,416),(187,416),(188,416),(189,416),(190,416),(191,416),(192,416),(193,416),(194,416),(195,416),(196,416),(197,416),(198,416),(199,416),(200,416),(201,416),(202,416),(203,416),(204,416),(205,416),(206,416),(207,416),(208,416),(209,416),(210,416),(211,416),(212,416),(213,416),(214,416),(215,416),(216,416),(217,416),(218,416),(219,416),(220,416),(221,416),(222,416),(223,416),(224,416),(225,416),(226,416),(227,416),(228,416),(229,416),(230,416),(231,416),(232,416),(233,416),(234,416),(235,416),(236,416),(237,416),(238,416),(239,416),(240,416),(241,416),(242,416),(243,416),(244,416),(245,416),(246,416),(247,416),(248,416),(249,416),(250,416),(251,416),(252,416),(253,416),(254,416),(255,416),(256,416),(257,416),(258,416),(259,416),(260,416),(261,416),(262,416),(263,416),(264,416),(265,416),(266,416),(267,416),(268,416),(269,416),(270,416),(271,416),(272,416),(273,416),(274,416),(275,416),(276,416),(277,416),(278,416),(279,416),(280,416),(281,416),(282,416),(283,416),(284,416),(285,416),(286,416),(287,416),(288,416),(289,416),(290,416),(291,416),(292,416),(293,416),(294,416),(295,416),(296,416),(297,416),(298,416),(299,416),(300,416),(301,416),(302,416),(303,416),(304,416),(305,416),(306,416),(307,416),(308,416),(309,416),(310,416),(311,416),(312,416),(313,416),(314,416),(315,416),(316,416),(317,416),(318,416),(319,416),(320,416),(321,416),(322,416),(323,416),(324,416),(325,416),(326,416),(327,416),(328,416),(329,416),(330,416),(331,416),(332,416),(333,416),(334,416),(335,416),(336,416),(337,416),(338,416),(339,416),(340,416),(341,416),(342,416),(343,416),(344,416),(345,416),(346,416),(347,416),(348,416),(349,416),(350,416),(351,416),(352,416),(353,416),(354,416),(355,416),(356,416),(357,416),(358,416),(359,416),(360,416),(361,416),(362,416),(363,416),(364,416),(365,416),(366,416),(367,416),(368,416),(369,416),(370,416),(371,416),(372,416),(373,416),(374,416),(375,416),(376,416),(377,416),(378,416),(379,416),(380,416),(381,416),(382,416),(383,416),(384,416),(385,416),(386,416),(387,416),(388,416),(389,416),(390,416),(391,416),(392,416),(393,416),(394,416),(395,416),(396,416),(397,416),(398,416),(399,416),(400,416),(401,416),(402,416),(403,416),(404,416),(405,416),(406,416),(407,416),(408,416),(409,416),(410,416),(411,416),(412,416),(413,416),(414,416),(415,416),(416,416),(0,414),(0,413),(0,412),(0,411),(0,410),(0,409),(0,408),(0,407),(0,406),(0,405),(0,404),(0,403),(0,402),(0,401),(0,400),(0,399),(0,398),(0,397),(0,396),(0,395),(0,394),(0,393),(415,414),(415,413),(415,412),(415,411),(415,410),(415,409),(415,408),(415,407),(415,406),(415,405),(415,404),(415,403),(415,402),(415,401),(415,400),(415,399),(415,398),(415,397),(415,396),(415,395),(415,394),(415,393),(415,392),(415,391),(415,390),(415,389),(415,388),(415,387),(415,386),(415,385),(415,384),(415,383),(415,382),(415,381),(415,380),(415,379),(415,378),(415,377),(415,376),(415,375),(415,374),(415,373),(415,372),(415,371),(415,370),(415,369),(415,368),(415,367),(415,366),(415,365),(415,364),(415,363),(415,362),(415,361),(415,360),(415,359),(415,358),(415,357),(415,356),(415,355),(415,354),(415,353),(415,352),(415,351),(415,350),(415,349),(415,348),(415,347),(415,346),(415,345),(415,344),(415,343),(415,342),(415,341),(415,340),(415,339),(415,338),(415,337),(415,336),(415,335),(415,334),(415,333),(415,332),(415,331),(415,330),(415,329),(415,328),(415,327),(415,326),(415,325),(415,324),(415,323),(415,322),(415,321),(415,320),(415,319),(415,318),(415,317),(415,316),(415,315),(415,314),(415,313),(415,312),(415,311),(415,310),(415,309),(415,308),(415,307),(415,306),(415,305),(415,304),(415,303),(415,302),(415,301),(415,300),(415,299),(415,298),(415,297),(415,296),(415,295),(415,294),(415,293),(415,292),(415,291),(415,290),(415,289),(415,288),(415,287),(415,286),(415,285),(415,284),(415,283),(415,282),(415,281),(415,280),(415,279),(415,278),(415,277),(415,276),(415,275),(415,274),(415,273),(415,272),(415,271),(415,270),(415,269),(415,268),(415,267),(415,266),(415,265),(415,264),(415,263),(415,262),(415,261),(415,260),(415,259),(415,258),(415,257),(415,256),(415,255),(415,254),(415,253),(415,252),(415,251),(415,250),(415,249),(415,248),(415,247),(415,246),(415,245),(415,244),(415,243),(415,242),(415,241),(415,240),(415,239),(415,238),(415,237),(415,236),(415,235),(415,234),(415,233),(415,232),(415,231),(415,230),(415,229),(415,228),(415,227),(415,226),(415,225),(415,224),(415,223),(415,222),(415,221),(415,220),(415,219),(415,218),(415,217),(415,216),(415,215),(415,214),(415,213),(415,212),(415,211),(415,210),(415,209),(415,208),(415,207),(415,206),(415,205),(415,204)]